60000 1
500
4309 6.12303176911e-37 6.12303176911e-37 
0 4309 6.12303176911e-37 
0 0 4309 
37134.962 6.12303176911e-37 6.12303176911e-37 
0 37134.962 6.12303176911e-37 
0 0 37134.962 
120466.438891 43127.5403642 -443501.201894
-450356.790371 767741.384585 -1218098.17496
-1218098.17496 0 0
0 0 0
-3518919.14837 0
-3518919.14837 0 0
0 0 0
29065509.0593 3736966.48436 393386884.323
4148855676.38 1180526368.88 2968329307.5
2968329307.5 0 0
0 0 0
24982422830.7 0
24982422830.7 0 0
0 0 0
120466.438891 13101.766774 0
767741.384585 767741.384585 0
0 0 0
0 0 0
0 0
0 0 0
0 0 0
29065509.0593 343799.719062 0
1180526368.88 1180526368.88 0
0 0 0
0 0 0
0 0
0 0 0
0 0 0
0 0 0
0 0 0
0 0 0
0 0 0
0 0 0
0 0 0
171500 
256000 
10218.4727727 
1239471.49886 
0 0 0 0 0 0 0 0 0 0 
0 0 0 0 0 0 0 0 0 0 
0 0 0 0 0 0 0 0 0 0 
0 0 0 0 0 0 0 0 0 0 
0 0 0 0 0 0 0 0 0 0 
0 0 0 0 0 0 0 0 0 0 
0 0 0 0 0 0 0 0 0 0 
0 0 0 0 0 0 0 0 0 0 
0 0 0 0 0 0 0 0 1 8 
17 22 21 17 31 40 31 42 47 36 
59 45 38 23 45 64 44 54 49 49 
62 53 54 58 50 47 59 62 59 41 
49 61 51 63 61 50 67 49 76 68 
56 65 60 80 58 72 60 62 68 63 
71 59 62 58 73 66 61 62 61 64 
59 50 49 76 63 50 77 62 71 64 
64 50 66 62 64 62 43 64 53 62 
78 67 64 53 49 44 61 62 60 48 
60 58 48 55 68 52 44 57 68 59 
68 60 61 61 61 54 52 57 76 65 
0 0 0 0 0 0 0 0 0 0 
0 0 0 0 0 0 0 0 0 0 
0 0 0 0 0 0 0 0 0 0 
0 0 0 0 0 0 0 0 0 0 
0 0 0 0 0 0 0 0 0 0 
0 0 0 0 0 0 0 0 0 0 
0 0 0 0 0 0 0 0 0 0 
0 0 0 0 0 0 0 0 0 0 
0 0 0 0 0 0 56 1865 14775 41444 
54259 46169 33102 22513 14876 9821 6345 3980 2552 1564 
1031 597 402 260 145 97 49 44 17 11 
12 7 3 0 1 0 1 1 1 0 
0 0 0 0 0 0 0 0 0 0 
0 0 0 0 0 0 0 0 0 0 
0 0 0 0 0 0 0 0 0 0 
0 0 0 0 0 0 0 0 0 0 
0 0 0 0 0 0 0 0 0 0 
0 0 0 0 0 0 0 0 0 0 
0 0 0 0 0 0 0 0 0 0 
0 0 0 0 0 0 0 0 0 0 
