60000 1
500
4742.5 6.12303176911e-37 6.12303176911e-37 
0 4742.5 6.12303176911e-37 
0 0 4742.5 
44982.6125 6.12303176911e-37 6.12303176911e-37 
0 44982.6125 6.12303176911e-37 
0 0 44982.6125 
120248.903306 14332.6548744 -173687.333547
-192868.32288 766355.014465 -959223.337345
-959223.337345 0 0
0 0 0
-706703.320472 0
-706703.320472 0 0
0 0 0
28950593.6974 416041.104878 60334835.9355
3016460219.47 1175858960.01 1840601259.46
1840601259.46 0 0
0 0 0
1125948701.03 0
1125948701.03 0 0
0 0 0
120248.903306 9809.62441485 0
766355.014465 766355.014465 0
0 0 0
0 0 0
0 0
0 0 0
0 0 0
28950593.6974 192663.739428 0
1175858960.01 1175858960.01 0
0 0 0
0 0 0
0 0
0 0 0
0 0 0
0 0 0
0 0 0
0 0 0
0 0 0
0 0 0
0 0 0
171500 
256000 
106756.438824 
4578157.58169 
0 0 0 0 0 0 0 0 0 0 
0 0 0 0 0 0 0 0 0 0 
0 0 0 0 0 0 0 0 0 0 
0 0 0 0 0 0 0 0 0 0 
0 0 0 0 0 0 0 0 0 0 
0 0 0 0 0 0 0 0 0 0 
0 0 0 0 0 0 0 0 0 0 
0 0 0 0 0 0 0 0 0 0 
0 0 0 0 0 0 0 0 0 0 
20 182 495 788 837 687 584 545 493 469 
476 436 479 424 434 384 375 377 366 372 
342 356 328 341 309 343 294 261 273 293 
301 275 284 270 255 244 249 273 250 254 
249 224 212 246 246 218 241 220 220 229 
196 204 204 224 207 225 209 185 182 204 
183 223 210 178 163 196 169 197 177 201 
171 186 159 159 162 180 178 154 170 157 
144 160 148 145 145 161 160 157 190 170 
151 152 148 171 131 155 122 155 116 149 
143 150 142 130 143 129 125 137 122 124 
0 0 0 0 0 0 0 0 0 0 
0 0 0 0 0 0 0 0 0 0 
0 0 0 0 0 0 0 0 0 0 
0 0 0 0 0 0 0 0 0 0 
0 0 0 0 0 0 0 0 0 0 
0 0 0 0 0 0 0 0 0 0 
0 0 0 0 0 0 0 0 0 0 
0 0 0 0 0 0 0 0 0 0 
0 0 0 0 0 0 0 0 26 848 
7950 32426 62576 64285 41617 21165 11007 6016 3351 1985 
1133 678 399 214 119 72 60 24 17 13 
6 6 1 2 3 1 0 0 0 0 
0 0 0 0 0 0 0 0 0 0 
0 0 0 0 0 0 0 0 0 0 
0 0 0 0 0 0 0 0 0 0 
0 0 0 0 0 0 0 0 0 0 
0 0 0 0 0 0 0 0 0 0 
0 0 0 0 0 0 0 0 0 0 
0 0 0 0 0 0 0 0 0 0 
0 0 0 0 0 0 0 0 0 0 
