U(kt) FSum N PF(DU) F GSum N PG(DU) G G-F Widom 
-50.009 0 1058400 2.22507e-308 -683.392 0 2508800 2.22507e-308 -733.401 -50.009 7.95062 
-49.5089 0 1058400 2.22507e-308 -683.642 0 2508800 2.22507e-308 -733.151 -49.5089 7.95062 
-49.0088 0 1058400 2.22507e-308 -683.892 0 2508800 2.22507e-308 -732.901 -49.0088 7.95062 
-48.5087 0 1058400 2.22507e-308 -684.142 0 2508800 2.22507e-308 -732.651 -48.5087 7.95062 
-48.0086 0 1058400 2.22507e-308 -684.392 0 2508800 2.22507e-308 -732.401 -48.0086 7.95062 
-47.5086 0 1058400 2.22507e-308 -684.642 0 2508800 2.22507e-308 -732.151 -47.5086 7.95062 
-47.0085 0 1058400 2.22507e-308 -684.892 0 2508800 2.22507e-308 -731.901 -47.0085 7.95062 
-46.5084 0 1058400 2.22507e-308 -685.142 0 2508800 2.22507e-308 -731.651 -46.5084 7.95062 
-46.0083 0 1058400 2.22507e-308 -685.392 0 2508800 2.22507e-308 -731.401 -46.0083 7.95062 
-45.5082 0 1058400 2.22507e-308 -685.642 0 2508800 2.22507e-308 -731.151 -45.5082 7.95062 
-45.0081 0 1058400 2.22507e-308 -685.892 0 2508800 2.22507e-308 -730.9 -45.0081 7.95062 
-44.508 0 1058400 2.22507e-308 -686.142 0 2508800 2.22507e-308 -730.65 -44.508 7.95062 
-44.0079 0 1058400 2.22507e-308 -686.392 0 2508800 2.22507e-308 -730.4 -44.0079 7.95062 
-43.5078 0 1058400 2.22507e-308 -686.643 0 2508800 2.22507e-308 -730.15 -43.5078 7.95062 
-43.0077 0 1058400 2.22507e-308 -686.893 0 2508800 2.22507e-308 -729.9 -43.0077 7.95062 
-42.5077 0 1058400 2.22507e-308 -687.143 0 2508800 2.22507e-308 -729.65 -42.5077 7.95062 
-42.0076 0 1058400 2.22507e-308 -687.393 0 2508800 2.22507e-308 -729.4 -42.0076 7.95062 
-41.5075 0 1058400 2.22507e-308 -687.643 0 2508800 2.22507e-308 -729.15 -41.5075 7.95062 
-41.0074 0 1058400 2.22507e-308 -687.893 0 2508800 2.22507e-308 -728.9 -41.0074 7.95062 
-40.5073 0 1058400 2.22507e-308 -688.143 0 2508800 2.22507e-308 -728.65 -40.5073 7.95062 
-40.0072 0 1058400 2.22507e-308 -688.393 0 2508800 2.22507e-308 -728.4 -40.0072 7.95062 
-39.5071 0 1058400 2.22507e-308 -688.643 0 2508800 2.22507e-308 -728.15 -39.5071 7.95062 
-39.007 0 1058400 2.22507e-308 -688.893 0 2508800 2.22507e-308 -727.9 -39.007 7.95062 
-38.5069 0 1058400 2.22507e-308 -689.143 0 2508800 2.22507e-308 -727.65 -38.5069 7.95062 
-38.0068 0 1058400 2.22507e-308 -689.393 0 2508800 2.22507e-308 -727.4 -38.0068 7.95062 
-37.5068 0 1058400 2.22507e-308 -689.643 0 2508800 2.22507e-308 -727.15 -37.5068 7.95062 
-37.0067 0 1058400 2.22507e-308 -689.893 0 2508800 2.22507e-308 -726.9 -37.0067 7.95062 
-36.5066 0 1058400 2.22507e-308 -690.143 0 2508800 2.22507e-308 -726.65 -36.5066 7.95062 
-36.0065 0 1058400 2.22507e-308 -690.393 0 2508800 2.22507e-308 -726.4 -36.0065 7.95062 
-35.5064 0 1058400 2.22507e-308 -690.643 0 2508800 2.22507e-308 -726.15 -35.5064 7.95062 
-35.0063 0 1058400 2.22507e-308 -690.893 0 2508800 2.22507e-308 -725.9 -35.0063 7.95062 
-34.5062 0 1058400 2.22507e-308 -691.143 0 2508800 2.22507e-308 -725.65 -34.5062 7.95062 
-34.0061 0 1058400 2.22507e-308 -691.393 0 2508800 2.22507e-308 -725.399 -34.0061 7.95062 
-33.506 0 1058400 2.22507e-308 -691.643 0 2508800 2.22507e-308 -725.149 -33.506 7.95062 
-33.0059 0 1058400 2.22507e-308 -691.893 0 2508800 2.22507e-308 -724.899 -33.0059 7.95062 
-32.5059 0 1058400 2.22507e-308 -692.143 0 2508800 2.22507e-308 -724.649 -32.5059 7.95062 
-32.0058 0 1058400 2.22507e-308 -692.394 0 2508800 2.22507e-308 -724.399 -32.0058 7.95062 
-31.5057 0 1058400 2.22507e-308 -692.644 0 2508800 2.22507e-308 -724.149 -31.5057 7.95062 
-31.0056 0 1058400 2.22507e-308 -692.894 0 2508800 2.22507e-308 -723.899 -31.0056 7.95062 
-30.5055 0 1058400 2.22507e-308 -693.144 0 2508800 2.22507e-308 -723.649 -30.5055 7.95062 
-30.0054 0 1058400 2.22507e-308 -693.394 0 2508800 2.22507e-308 -723.399 -30.0054 7.95062 
-29.5053 0 1058400 2.22507e-308 -693.644 0 2508800 2.22507e-308 -723.149 -29.5053 7.95062 
-29.0052 0 1058400 2.22507e-308 -693.894 0 2508800 2.22507e-308 -722.899 -29.0052 7.95062 
-28.5051 0 1058400 2.22507e-308 -694.144 0 2508800 2.22507e-308 -722.649 -28.5051 7.95062 
-28.005 0 1058400 2.22507e-308 -694.394 0 2508800 2.22507e-308 -722.399 -28.005 7.95062 
-27.505 0 1058400 2.22507e-308 -694.644 0 2508800 2.22507e-308 -722.149 -27.505 7.95062 
-27.0049 0 1058400 2.22507e-308 -694.894 0 2508800 2.22507e-308 -721.899 -27.0049 7.95062 
-26.5048 0 1058400 2.22507e-308 -695.144 0 2508800 2.22507e-308 -721.649 -26.5048 7.95062 
-26.0047 0 1058400 2.22507e-308 -695.394 0 2508800 2.22507e-308 -721.399 -26.0047 7.95062 
-25.5046 0 1058400 2.22507e-308 -695.644 0 2508800 2.22507e-308 -721.149 -25.5046 7.95062 
-25.0045 0 1058400 2.22507e-308 -695.894 0 2508800 2.22507e-308 -720.899 -25.0045 7.95062 
-24.5044 0 1058400 2.22507e-308 -696.144 0 2508800 2.22507e-308 -720.649 -24.5044 7.95062 
-24.0043 0 1058400 2.22507e-308 -696.394 0 2508800 2.22507e-308 -720.399 -24.0043 7.95062 
-23.5042 0 1058400 2.22507e-308 -696.644 0 2508800 2.22507e-308 -720.149 -23.5042 7.95062 
-23.0041 0 1058400 2.22507e-308 -696.894 0 2508800 2.22507e-308 -719.898 -23.0041 7.95062 
-22.5041 0 1058400 2.22507e-308 -697.144 0 2508800 2.22507e-308 -719.648 -22.5041 7.95062 
-22.004 0 1058400 2.22507e-308 -697.394 0 2508800 2.22507e-308 -719.398 -22.004 7.95062 
-21.5039 0 1058400 2.22507e-308 -697.644 0 2508800 2.22507e-308 -719.148 -21.5039 7.95062 
-21.0038 0 1058400 2.22507e-308 -697.895 0 2508800 2.22507e-308 -718.898 -21.0038 7.95062 
-20.5037 0 1058400 2.22507e-308 -698.145 0 2508800 2.22507e-308 -718.648 -20.5037 7.95062 
-20.0036 0 1058400 2.22507e-308 -698.395 0 2508800 2.22507e-308 -718.398 -20.0036 7.95062 
-19.5035 0 1058400 2.22507e-308 -698.645 0 2508800 2.22507e-308 -718.148 -19.5035 7.95062 
-19.0034 0 1058400 2.22507e-308 -698.895 0 2508800 2.22507e-308 -717.898 -19.0034 7.95062 
-18.5033 0 1058400 2.22507e-308 -699.145 0 2508800 2.22507e-308 -717.648 -18.5033 7.95062 
-18.0032 0 1058400 2.22507e-308 -699.395 0 2508800 2.22507e-308 -717.398 -18.0032 7.95062 
-17.5032 0 1058400 2.22507e-308 -699.645 0 2508800 2.22507e-308 -717.148 -17.5032 7.95062 
-17.0031 0 1058400 2.22507e-308 -699.895 0 2508800 2.22507e-308 -716.898 -17.0031 7.95062 
-16.503 0 1058400 2.22507e-308 -700.145 0 2508800 2.22507e-308 -716.648 -16.503 7.95062 
-16.0029 0 1058400 2.22507e-308 -700.395 0 2508800 2.22507e-308 -716.398 -16.0029 7.95062 
-15.5028 0 1058400 2.22507e-308 -700.645 0 2508800 2.22507e-308 -716.148 -15.5028 7.95062 
-15.0027 0 1058400 2.22507e-308 -700.895 0 2508800 2.22507e-308 -715.898 -15.0027 7.95062 
-14.5026 0 1058400 2.22507e-308 -701.145 0 2508800 2.22507e-308 -715.648 -14.5026 7.95062 
-14.0025 0 1058400 2.22507e-308 -701.395 0 2508800 2.22507e-308 -715.398 -14.0025 7.95062 
-13.5024 0 1058400 2.22507e-308 -701.645 0 2508800 2.22507e-308 -715.148 -13.5024 7.95062 
-13.0023 0 1058400 2.22507e-308 -701.895 0 2508800 2.22507e-308 -714.898 -13.0023 7.95062 
-12.5023 0 1058400 2.22507e-308 -702.145 0 2508800 2.22507e-308 -714.648 -12.5023 7.95062 
-12.0022 0 1058400 2.22507e-308 -702.395 0 2508800 2.22507e-308 -714.397 -12.0022 7.95062 
-11.5021 0 1058400 2.22507e-308 -702.645 0 2508800 2.22507e-308 -714.147 -11.5021 7.95062 
-11.002 0 1058400 2.22507e-308 -702.895 0 2508800 2.22507e-308 -713.897 -11.002 7.95062 
-10.5019 0 1058400 2.22507e-308 -703.145 0 2508800 2.22507e-308 -713.647 -10.5019 7.95062 
-10.0018 0 1058400 2.22507e-308 -703.396 0 2508800 2.22507e-308 -713.397 -10.0018 7.95062 
-9.50171 0 1058400 2.22507e-308 -703.646 0 2508800 2.22507e-308 -713.147 -9.50171 7.95062 
-9.00162 0 1058400 2.22507e-308 -703.896 0 2508800 2.22507e-308 -712.897 -9.00162 7.95062 
-8.50153 0 1058400 2.22507e-308 -704.146 3 2508800 1.19579e-06 -17.8875 686.258 7.95062 
-8.00144 0 1058400 2.22507e-308 -704.396 766 2508800 0.000305325 -12.0949 692.301 7.95062 
-7.50135 0 1058400 2.22507e-308 -704.646 18207 2508800 0.00725725 -8.67643 695.969 7.95062 
-7.00126 0 1058400 2.22507e-308 -704.896 98077 2508800 0.0390932 -6.74244 698.153 7.95062 
-6.50117 0 1058400 2.22507e-308 -705.146 217701 2508800 0.086775 -5.69502 699.451 7.95062 
-6.00108 0 1058400 2.22507e-308 -705.396 301437 2508800 0.120152 -5.11954 700.276 7.95062 
-5.50099 0 1058400 2.22507e-308 -705.646 332045 2508800 0.132352 -4.77278 700.873 7.95062 
-5.0009 0 1058400 2.22507e-308 -705.896 319820 2508800 0.127479 -4.56025 701.336 7.95062 
-4.50081 1 1058400 9.44822e-07 -11.6219 281482 2508800 0.112198 -4.4379 7.18397 7.95062 
-4.00072 2 1058400 1.88964e-06 -11.1788 234769 2508800 0.0935782 -4.36932 6.80944 7.95062 
-3.50063 2 1058400 1.88964e-06 -11.4288 187244 2508800 0.0746349 -4.34546 7.08334 7.95062 
-3.00054 2 1058400 1.88964e-06 -11.6789 143424 2508800 0.0571684 -4.36202 7.31683 7.95062 
-2.50045 0 1058400 2.22507e-308 -707.146 107848 2508800 0.0429879 -4.39706 702.749 7.95062 
-2.00036 2 1058400 1.88964e-06 -12.1789 78794 2508800 0.031407 -4.4609 7.71804 7.95062 
-1.50027 3 1058400 2.83447e-06 -12.0235 56641 2508800 0.0225769 -4.54096 7.48256 7.95062 
-1.00018 2 1058400 1.88964e-06 -12.679 40902 2508800 0.0163034 -4.61647 8.06256 7.95062 
-0.50009 0 1058400 2.22507e-308 -708.146 28432 2508800 0.0113329 -4.73009 703.416 7.95062 
0 3 1058400 2.83447e-06 -12.7737 19801 2508800 0.00789262 -4.84183 7.93183 7.95062 
0.50009 4 1058400 3.77929e-06 -12.736 13691 2508800 0.00545719 -4.96078 7.77524 7.95062 
1.00018 6 1058400 5.66893e-06 -12.5806 9324 2508800 0.00371652 -5.09488 7.48572 7.95062 
1.50027 3 1058400 2.83447e-06 -13.5238 6168 2508800 0.00245855 -5.25805 8.26574 7.95062 
2.00036 5 1058400 4.72411e-06 -13.263 4129 2508800 0.00164581 -5.40934 7.85367 7.95062 
2.50045 2 1058400 1.88964e-06 -14.4293 2782 2508800 0.0011089 -5.55416 8.87518 7.95062 
3.00054 8 1058400 7.55858e-06 -13.2931 1788 2508800 0.000712691 -5.74619 7.54691 7.95062 
3.50063 5 1058400 4.72411e-06 -14.0131 1231 2508800 0.000490673 -5.86942 8.14373 7.95062 
4.00072 3 1058400 2.83447e-06 -14.774 792 2508800 0.000315689 -6.06039 8.71362 7.95062 
4.50081 4 1058400 3.77929e-06 -14.7364 512 2508800 0.000204082 -6.24659 8.48979 7.95062 
5.0009 9 1058400 8.5034e-06 -14.1755 352 2508800 0.000140306 -6.37123 7.80426 7.95062 
5.50099 4 1058400 3.77929e-06 -15.2365 236 2508800 9.40689e-05 -6.52099 8.71548 7.95062 
6.00108 16 1058400 1.51172e-05 -14.1002 154 2508800 6.13839e-05 -6.69782 7.4024 7.95062 
6.50117 8 1058400 7.55858e-06 -15.0434 89 2508800 3.54751e-05 -6.99609 8.04732 7.95062 
7.00126 7 1058400 6.61376e-06 -15.427 59 2508800 2.35172e-05 -7.15715 8.26984 7.95062 
7.50135 8 1058400 7.55858e-06 -15.5435 32 2508800 1.27551e-05 -7.5189 8.0246 7.95062 
8.00144 6 1058400 5.66893e-06 -16.0812 32 2508800 1.27551e-05 -7.26886 8.81237 7.95062 
8.50153 7 1058400 6.61376e-06 -16.1771 13 2508800 5.18176e-06 -7.9196 8.25752 7.95062 
9.00162 13 1058400 1.22827e-05 -15.8081 9 2508800 3.58737e-06 -8.03728 7.77085 7.95062 
9.50171 10 1058400 9.44822e-06 -16.3205 5 2508800 1.99298e-06 -8.37502 7.94552 7.95062 
10.0018 11 1058400 1.0393e-05 -16.4753 2 2508800 7.97194e-07 -9.04127 7.43401 7.95062 
10.5019 13 1058400 1.22827e-05 -16.5583 0 2508800 2.22507e-308 -703.145 -686.587 7.95062 
11.002 11 1058400 1.0393e-05 -16.9754 2 2508800 7.97194e-07 -8.54118 8.43419 7.95062 
11.5021 12 1058400 1.13379e-05 -17.1384 2 2508800 7.97194e-07 -8.29113 8.84727 7.95062 
12.0022 14 1058400 1.32275e-05 -17.2343 1 2508800 3.98597e-07 -8.73423 8.50006 7.95062 
12.5023 19 1058400 1.79516e-05 -17.179 0 2508800 2.22507e-308 -702.145 -684.966 7.95062 
13.0023 16 1058400 1.51172e-05 -17.6009 1 2508800 3.98597e-07 -8.23414 9.36671 7.95062 
13.5024 14 1058400 1.32275e-05 -17.9844 1 2508800 3.98597e-07 -7.9841 10.0003 7.95062 
14.0025 12 1058400 1.13379e-05 -18.3886 0 2508800 2.22507e-308 -701.395 -683.007 7.95062 
14.5026 18 1058400 1.70068e-05 -18.2332 0 2508800 2.22507e-308 -701.145 -682.912 7.95062 
15.0027 17 1058400 1.6062e-05 -18.5404 0 2508800 2.22507e-308 -700.895 -682.355 7.95062 
15.5028 13 1058400 1.22827e-05 -19.0587 0 2508800 2.22507e-308 -700.645 -681.586 7.95062 
16.0029 24 1058400 2.26757e-05 -18.6957 0 2508800 2.22507e-308 -700.395 -681.699 7.95062 
16.503 24 1058400 2.26757e-05 -18.9457 0 2508800 2.22507e-308 -700.145 -681.199 7.95062 
17.0031 20 1058400 1.88964e-05 -19.3781 0 2508800 2.22507e-308 -699.895 -680.517 7.95062 
17.5032 13 1058400 1.22827e-05 -20.0589 0 2508800 2.22507e-308 -699.645 -679.586 7.95062 
18.0032 19 1058400 1.79516e-05 -19.9295 0 2508800 2.22507e-308 -699.395 -679.465 7.95062 
18.5033 16 1058400 1.51172e-05 -20.3513 0 2508800 2.22507e-308 -699.145 -678.793 7.95062 
19.0034 18 1058400 1.70068e-05 -20.4836 0 2508800 2.22507e-308 -698.895 -678.411 7.95062 
19.5035 33 1058400 3.11791e-05 -20.1275 0 2508800 2.22507e-308 -698.645 -678.517 7.95062 
20.0036 16 1058400 1.51172e-05 -21.1015 0 2508800 2.22507e-308 -698.395 -677.293 7.95062 
20.5037 17 1058400 1.6062e-05 -21.2909 0 2508800 2.22507e-308 -698.145 -676.854 7.95062 
21.0038 20 1058400 1.88964e-05 -21.3784 0 2508800 2.22507e-308 -697.895 -676.516 7.95062 
21.5039 26 1058400 2.45654e-05 -21.3661 0 2508800 2.22507e-308 -697.644 -676.278 7.95062 
22.004 20 1058400 1.88964e-05 -21.8785 0 2508800 2.22507e-308 -697.394 -675.516 7.95062 
22.5041 22 1058400 2.07861e-05 -22.0333 0 2508800 2.22507e-308 -697.144 -675.111 7.95062 
23.0041 21 1058400 1.98413e-05 -22.3298 0 2508800 2.22507e-308 -696.894 -674.565 7.95062 
23.5042 22 1058400 2.07861e-05 -22.5333 0 2508800 2.22507e-308 -696.644 -674.111 7.95062 
24.0043 27 1058400 2.55102e-05 -22.5786 0 2508800 2.22507e-308 -696.394 -673.816 7.95062 
24.5044 26 1058400 2.45654e-05 -22.8664 0 2508800 2.22507e-308 -696.144 -673.278 7.95062 
25.0045 38 1058400 3.59033e-05 -22.7369 0 2508800 2.22507e-308 -695.894 -673.157 7.95062 
25.5046 25 1058400 2.36206e-05 -23.4057 0 2508800 2.22507e-308 -695.644 -672.238 7.95062 
26.0047 29 1058400 2.73998e-05 -23.5073 0 2508800 2.22507e-308 -695.394 -671.887 7.95062 
26.5048 25 1058400 2.36206e-05 -23.9058 0 2508800 2.22507e-308 -695.144 -671.238 7.95062 
27.0049 28 1058400 2.6455e-05 -24.0425 0 2508800 2.22507e-308 -694.894 -670.851 7.95062 
27.505 36 1058400 3.40136e-05 -24.0412 0 2508800 2.22507e-308 -694.644 -670.603 7.95062 
28.005 27 1058400 2.55102e-05 -24.579 0 2508800 2.22507e-308 -694.394 -669.815 7.95062 
28.5051 27 1058400 2.55102e-05 -24.829 0 2508800 2.22507e-308 -694.144 -669.315 7.95062 
29.0052 39 1058400 3.68481e-05 -24.7113 0 2508800 2.22507e-308 -693.894 -669.182 7.95062 
29.5053 34 1058400 3.2124e-05 -25.0986 0 2508800 2.22507e-308 -693.644 -668.545 7.95062 
30.0054 32 1058400 3.02343e-05 -25.4092 0 2508800 2.22507e-308 -693.394 -667.984 7.95062 
30.5055 45 1058400 4.2517e-05 -25.3184 0 2508800 2.22507e-308 -693.144 -667.825 7.95062 
31.0056 30 1058400 2.83447e-05 -25.9739 0 2508800 2.22507e-308 -692.894 -666.92 7.95062 
31.5057 29 1058400 2.73998e-05 -26.2578 0 2508800 2.22507e-308 -692.644 -666.386 7.95062 
32.0058 37 1058400 3.49584e-05 -26.2642 0 2508800 2.22507e-308 -692.394 -666.129 7.95062 
32.5059 34 1058400 3.2124e-05 -26.5988 0 2508800 2.22507e-308 -692.143 -665.545 7.95062 
33.0059 36 1058400 3.40136e-05 -26.7917 0 2508800 2.22507e-308 -691.893 -665.102 7.95062 
33.506 43 1058400 4.06274e-05 -26.8641 0 2508800 2.22507e-308 -691.643 -664.779 7.95062 
34.0061 37 1058400 3.49584e-05 -27.2644 0 2508800 2.22507e-308 -691.393 -664.129 7.95062 
34.5062 39 1058400 3.68481e-05 -27.4618 0 2508800 2.22507e-308 -691.143 -663.681 7.95062 
35.0063 27 1058400 2.55102e-05 -28.0796 0 2508800 2.22507e-308 -690.893 -662.814 7.95062 
35.5064 39 1058400 3.68481e-05 -27.9619 0 2508800 2.22507e-308 -690.643 -662.681 7.95062 
36.0065 44 1058400 4.15722e-05 -28.0913 0 2508800 2.22507e-308 -690.393 -662.302 7.95062 
36.5066 42 1058400 3.96825e-05 -28.3879 0 2508800 2.22507e-308 -690.143 -661.755 7.95062 
37.0067 44 1058400 4.15722e-05 -28.5914 0 2508800 2.22507e-308 -689.893 -661.302 7.95062 
37.5068 33 1058400 3.11791e-05 -29.1291 0 2508800 2.22507e-308 -689.643 -660.514 7.95062 
38.0068 39 1058400 3.68481e-05 -29.2121 0 2508800 2.22507e-308 -689.393 -660.181 7.95062 
38.5069 37 1058400 3.49584e-05 -29.5148 0 2508800 2.22507e-308 -689.143 -659.628 7.95062 
39.007 37 1058400 3.49584e-05 -29.7649 0 2508800 2.22507e-308 -688.893 -659.128 7.95062 
39.5071 38 1058400 3.59033e-05 -29.9882 0 2508800 2.22507e-308 -688.643 -658.655 7.95062 
40.0072 45 1058400 4.2517e-05 -30.0692 0 2508800 2.22507e-308 -688.393 -658.324 7.95062 
40.5073 39 1058400 3.68481e-05 -30.4624 0 2508800 2.22507e-308 -688.143 -657.68 7.95062 
41.0074 41 1058400 3.87377e-05 -30.6624 0 2508800 2.22507e-308 -687.893 -657.23 7.95062 
41.5075 41 1058400 3.87377e-05 -30.9124 0 2508800 2.22507e-308 -687.643 -656.73 7.95062 
42.0076 43 1058400 4.06274e-05 -31.1149 0 2508800 2.22507e-308 -687.393 -656.278 7.95062 
42.5077 50 1058400 4.72411e-05 -31.2141 0 2508800 2.22507e-308 -687.143 -655.929 7.95062 
43.0077 51 1058400 4.81859e-05 -31.4443 0 2508800 2.22507e-308 -686.893 -655.448 7.95062 
43.5078 34 1058400 3.2124e-05 -32.0998 0 2508800 2.22507e-308 -686.643 -654.543 7.95062 
44.0079 36 1058400 3.40136e-05 -32.2927 0 2508800 2.22507e-308 -686.392 -654.1 7.95062 
44.508 39 1058400 3.68481e-05 -32.4627 0 2508800 2.22507e-308 -686.142 -653.68 7.95062 
45.0081 40 1058400 3.77929e-05 -32.6874 0 2508800 2.22507e-308 -685.892 -653.205 7.95062 
45.5082 47 1058400 4.44067e-05 -32.7762 0 2508800 2.22507e-308 -685.642 -652.866 7.95062 
46.0083 57 1058400 5.38549e-05 -32.8334 0 2508800 2.22507e-308 -685.392 -652.559 7.95062 
46.5084 45 1058400 4.2517e-05 -33.3198 0 2508800 2.22507e-308 -685.142 -651.822 7.95062 
47.0085 64 1058400 6.04686e-05 -33.2176 0 2508800 2.22507e-308 -684.892 -651.675 7.95062 
47.5086 55 1058400 5.19652e-05 -33.6192 0 2508800 2.22507e-308 -684.642 -651.023 7.95062 
48.0086 43 1058400 4.06274e-05 -34.1154 0 2508800 2.22507e-308 -684.392 -650.277 7.95062 
48.5087 54 1058400 5.10204e-05 -34.1377 0 2508800 2.22507e-308 -684.142 -650.004 7.95062 
49.0088 66 1058400 6.23583e-05 -34.187 0 2508800 2.22507e-308 -683.892 -649.705 7.95062 
49.5089 54 1058400 5.10204e-05 -34.6377 0 2508800 2.22507e-308 -683.642 -649.004 7.95062 
