500000 1
4900
39200 6.12303176911e-37 6.12303176911e-37 
0 39200 6.12303176911e-37 
0 0 39200 
313600 6.12303176911e-37 6.12303176911e-37 
0 313600 6.12303176911e-37 
0 0 313600 
1178866.82827 1223037.2046 -5284561.63306
-5106106.44398 7513004.11394 -12619110.5579
-12619110.5579 0 0
0 0 0
-99632224.3937 0
-99632224.3937 0 0
0 0 0
283992750.756 305582704.614 5699311488.18
44044755832.9 11534665715.1 32510090117.7
32510090117.7 0 0
0 0 0
2.0285179537e+12 0
2.0285179537e+12 0 0
0 0 0
1178866.82827 160279.525325 0
7513004.11394 7513004.11394 0
0 0 0
0 0 0
0 0
0 0 0
0 0 0
283992750.756 5249692.37007 0
11534665715.1 11534665715.1 0
0 0 0
0 0 0
0 0
0 0 0
0 0 0
0 0 0
0 0 0
0 0 0
0 0 0
0 0 0
0 0 0
1058400 
2508800 
373.026471639 
21327.4637232 
0 0 0 0 0 0 0 0 0 0 
0 0 0 0 0 0 0 0 0 0 
0 0 0 0 0 0 0 0 0 0 
0 0 0 0 0 0 0 0 0 0 
0 0 0 0 0 0 0 0 0 0 
0 0 0 0 0 0 0 0 0 0 
0 0 0 0 0 0 0 0 0 0 
0 0 0 0 0 0 0 0 0 0 
0 0 0 0 0 0 0 0 0 0 
0 1 2 2 2 0 2 3 2 0 
3 4 6 3 5 2 8 5 3 4 
9 4 16 8 7 8 6 7 13 10 
11 13 11 12 14 19 16 14 12 18 
17 13 24 24 20 13 19 16 18 33 
16 17 20 26 20 22 21 22 27 26 
38 25 29 25 28 36 27 27 39 34 
32 45 30 29 37 34 36 43 37 39 
27 39 44 42 44 33 39 37 37 38 
45 39 41 41 43 50 51 34 36 39 
40 47 57 45 64 55 43 54 66 54 
0 0 0 0 0 0 0 0 0 0 
0 0 0 0 0 0 0 0 0 0 
0 0 0 0 0 0 0 0 0 0 
0 0 0 0 0 0 0 0 0 0 
0 0 0 0 0 0 0 0 0 0 
0 0 0 0 0 0 0 0 0 0 
0 0 0 0 0 0 0 0 0 0 
0 0 0 0 0 0 0 0 0 0 
0 0 0 3 766 18207 98077 217701 301437 332045 
319820 281482 234769 187244 143424 107848 78794 56641 40902 28432 
19801 13691 9324 6168 4129 2782 1788 1231 792 512 
352 236 154 89 59 32 32 13 9 5 
2 0 2 2 1 0 1 1 0 0 
0 0 0 0 0 0 0 0 0 0 
0 0 0 0 0 0 0 0 0 0 
0 0 0 0 0 0 0 0 0 0 
0 0 0 0 0 0 0 0 0 0 
0 0 0 0 0 0 0 0 0 0 
0 0 0 0 0 0 0 0 0 0 
0 0 0 0 0 0 0 0 0 0 
