60000 1
500
4000 6.12303176911e-37 6.12303176911e-37 
0 4000 6.12303176911e-37 
0 0 4000 
32000 6.12303176911e-37 6.12303176911e-37 
0 32000 6.12303176911e-37 
0 0 32000 
120298.333609 124803.199373 -539787.993929
-521060.767421 766670.037385 -1287730.80481
-1287730.80481 0 0
0 0 0
-10166806.2592 0
-10166806.2592 0 0
0 0 0
28981894.6272 31186444.2817 582742548.738
4494935500.51 1177130280.35 3317805220.15
3317805220.15 0 0
0 0 0
207025402720 0
207025402720 0 0
0 0 0
120298.333609 16355.8421917 0
766670.037385 766670.037385 0
0 0 0
0 0 0
0 0
0 0 0
0 0 0
28981894.6272 535739.136614 0
1177130280.35 1177130280.35 0
0 0 0
0 0 0
0 0
0 0 0
0 0 0
0 0 0
0 0 0
0 0 0
0 0 0
0 0 0
0 0 0
108000 
256000 
7.29725974966 
41.7354153008 
0 0 0 0 0 0 0 0 0 0 
0 0 0 0 0 0 0 0 0 0 
0 0 0 0 0 0 0 0 0 0 
0 0 0 0 0 0 0 0 0 0 
0 0 0 0 0 0 0 0 0 0 
0 0 0 0 0 0 0 0 0 0 
0 0 0 0 0 0 0 0 0 0 
0 0 0 0 0 0 0 0 0 0 
0 0 0 0 0 0 0 0 0 0 
0 0 0 0 0 0 1 0 0 0 
0 1 0 0 1 0 1 0 0 0 
0 0 3 0 0 1 1 1 1 0 
0 3 0 0 0 2 4 1 0 2 
4 0 2 1 1 0 1 2 1 4 
1 3 6 3 1 2 1 1 1 4 
8 4 7 6 2 5 5 3 4 2 
5 3 4 2 3 5 3 7 3 4 
2 4 6 2 7 4 6 5 2 4 
5 3 8 1 7 3 8 2 5 5 
2 2 5 2 5 4 8 5 8 3 
0 0 0 0 0 0 0 0 0 0 
0 0 0 0 0 0 0 0 0 0 
0 0 0 0 0 0 0 0 0 0 
0 0 0 0 0 0 0 0 0 0 
0 0 0 0 0 0 0 0 0 0 
0 0 0 0 0 0 0 0 0 0 
0 0 0 0 0 0 0 0 0 0 
0 0 0 0 0 0 0 0 0 0 
0 0 0 0 68 1854 9875 22357 30633 33717 
32843 28981 23769 19202 14558 11029 7976 5853 4197 2983 
1981 1333 929 627 426 265 193 122 82 56 
33 21 15 12 4 3 2 0 1 0 
0 0 0 0 0 0 0 0 0 0 
0 0 0 0 0 0 0 0 0 0 
0 0 0 0 0 0 0 0 0 0 
0 0 0 0 0 0 0 0 0 0 
0 0 0 0 0 0 0 0 0 0 
0 0 0 0 0 0 0 0 0 0 
0 0 0 0 0 0 0 0 0 0 
0 0 0 0 0 0 0 0 0 0 
