60000 1
500
6840 6.12303176911e-37 6.12303176911e-37 
0 6840 6.12303176911e-37 
0 0 6840 
93571.2 6.12303176911e-37 6.12303176911e-37 
0 93571.2 6.12303176911e-37 
0 0 93571.2 
120209.685092 2694.39381337 419424.545506
433971.515218 766105.073933 -332133.558714
-332133.558714 0 0
0 0 0
269176.331313 0
269176.331313 0 0
0 0 0
28940901.6505 14717.449225 351834273.514
1396261325.07 1175465307.28 220796017.786
220796017.786 0 0
0 0 0
182546790.383 0
182546790.383 0 0
0 0 0
120209.685092 3268.61996021 0
766105.073933 766105.073933 0
0 0 0
0 0 0
0 0
0 0 0
0 0 0
28940901.6505 21397.4487761 0
1175465307.28 1175465307.28 0
0 0 0
0 0 0
0 0
0 0 0
0 0 0
0 0 0
0 0 0
0 0 0
0 0 0
0 0 0
0 0 0
665500 
256000 
890732.996572 
3559851.06512 
0 0 0 0 0 0 0 0 0 0 
0 0 0 0 0 0 0 0 0 0 
0 0 0 0 0 0 0 0 0 0 
0 0 0 0 0 0 0 0 0 0 
0 0 0 0 0 0 0 0 0 0 
0 0 0 0 0 0 0 0 0 0 
0 0 0 0 0 0 0 0 0 0 
0 0 0 0 0 0 0 0 0 0 
0 0 0 0 0 0 0 0 0 0 
0 0 0 21 308 2813 16642 57816 109261 89258 
20425 10098 8329 6908 6056 5398 4847 4407 3819 3603 
3306 3076 2859 2734 2640 2442 2315 2313 2095 2097 
1963 1807 1783 1796 1627 1588 1555 1405 1408 1402 
1405 1301 1254 1258 1220 1206 1142 1088 1109 1042 
1022 1056 970 944 922 964 925 853 848 839 
824 885 826 784 758 755 776 777 766 716 
691 646 666 655 640 641 581 604 619 618 
627 593 606 575 525 515 532 522 546 509 
503 529 520 512 489 507 496 490 483 488 
461 441 415 450 436 442 459 423 405 457 
0 0 0 0 0 0 0 0 0 0 
0 0 0 0 0 0 0 0 0 0 
0 0 0 0 0 0 0 0 0 0 
0 0 0 0 0 0 0 0 0 0 
0 0 0 0 0 0 0 0 0 0 
0 0 0 0 0 0 0 0 0 0 
0 0 0 0 0 0 0 0 0 0 
0 0 0 0 0 0 0 0 0 0 
0 0 0 0 0 0 0 0 0 0 
0 0 9 135 1382 8797 32997 71868 85436 45266 
6519 1766 843 460 223 140 65 39 28 9 
9 5 4 0 0 0 0 0 0 0 
0 0 0 0 0 0 0 0 0 0 
0 0 0 0 0 0 0 0 0 0 
0 0 0 0 0 0 0 0 0 0 
0 0 0 0 0 0 0 0 0 0 
0 0 0 0 0 0 0 0 0 0 
0 0 0 0 0 0 0 0 0 0 
0 0 0 0 0 0 0 0 0 0 
0 0 0 0 0 0 0 0 0 0 
