LJ 512 particles epsilon = 1; sigma = 1                         
        0         1       
       10.858                0.000000000         0.000000000
        0.000000000        10.858                0.000000000
        0.000000000         0.000000000        10.858
LJ               0    1.000000    0.000000
  -6.4659291637e-01    3.2522122854e-01   -1.8385515778e+00
LJ               0    1.000000    0.000000
  -2.3693152862e+00    1.7597739275e+00    3.4293544533e+00
LJ               0    1.000000    0.000000
  -1.4009429751e-01   -3.4410983453e+00   -1.4045382316e+00
LJ               0    1.000000    0.000000
   2.0454067748e+00   -4.2229886980e-02   -5.6171723998e-01
LJ               0    1.000000    0.000000
  -3.1836771600e+00   -2.6796432328e+00   -6.0890468384e-01
LJ               0    1.000000    0.000000
  -1.0901512223e+00   -3.6128753135e+00   -2.8481614602e+00
LJ               0    1.000000    0.000000
  -3.5545481216e+00   -2.9774366815e-01   -1.9559510982e+00
LJ               0    1.000000    0.000000
   3.4826165392e+00    3.9351523050e-01   -1.4456953267e+00
LJ               0    1.000000    0.000000
   2.3754996913e+00    2.3764690993e+00   -3.6651267939e-01
LJ               0    1.000000    0.000000
   1.2361167919e+00    1.7132443677e+00    1.8484544873e+00
LJ               0    1.000000    0.000000
   1.2379188168e+00    3.4826445164e+00    3.4978563087e+00
LJ               0    1.000000    0.000000
   1.2502578003e+00    1.6192345576e-01    3.0185021374e+00
LJ               0    1.000000    0.000000
   2.2160461387e+00   -2.3134361314e+00    2.0527407650e+00
LJ               0    1.000000    0.000000
  -2.0651666927e+00    2.5030489102e+00    2.7859752259e+00
LJ               0    1.000000    0.000000
   3.3052756387e+00   -3.1739795676e+00   -3.6389760847e+00
LJ               0    1.000000    0.000000
   1.9018368438e+00   -5.8059163211e-01    1.7077782401e+00
LJ               0    1.000000    0.000000
  -1.7256994619e+00    2.6571534206e+00   -2.8385158869e+00
LJ               0    1.000000    0.000000
  -3.2048843763e+00   -3.3704355060e+00    1.0185521836e+00
LJ               0    1.000000    0.000000
  -3.1216484521e+00    4.5473191846e-01    2.7898749234e+00
LJ               0    1.000000    0.000000
   1.6130466769e+00    2.6798132872e+00    3.1616778926e+00
LJ               0    1.000000    0.000000
   1.6129904301e+00    1.2636286587e+00   -2.5097137090e+00
LJ               0    1.000000    0.000000
   2.9585618631e+00    1.4594647830e+00   -3.6242600965e+00
LJ               0    1.000000    0.000000
   1.8341561876e+00    1.0694250116e+00   -8.4490576978e-01
LJ               0    1.000000    0.000000
  -2.7480985707e+00   -3.1351005316e+00   -1.6244059267e+00
LJ               0    1.000000    0.000000
  -2.4241512611e+00   -4.7365908692e-01   -2.2212774826e+00
LJ               0    1.000000    0.000000
   3.5887500197e+00   -8.7811110359e-01    1.4065542863e+00
LJ               0    1.000000    0.000000
  -9.0908120107e-01   -3.4084488770e+00   -7.9978390640e-01
LJ               0    1.000000    0.000000
  -1.8254386453e+00   -1.5980794084e+00    2.7145110296e+00
LJ               0    1.000000    0.000000
   2.0549037401e-01    2.6077097392e-01    8.0684909262e-01
LJ               0    1.000000    0.000000
   2.5731391489e+00   -2.2742355416e+00   -2.4474565587e+00
LJ               0    1.000000    0.000000
  -1.5520611136e+00   -3.2927503961e+00    1.7217375301e+00
LJ               0    1.000000    0.000000
   8.6829035191e-01   -7.8308914297e-01    3.6139261376e+00
LJ               0    1.000000    0.000000
  -1.1503352573e+00   -2.3201989961e+00    2.7802299034e+00
LJ               0    1.000000    0.000000
  -2.7864683252e+00    2.2440493605e+00   -3.0724505456e+00
LJ               0    1.000000    0.000000
  -2.2797271986e+00    2.4018126102e+00   -1.0544751362e+00
LJ               0    1.000000    0.000000
  -2.5213646120e+00    2.9023825780e+00   -3.3861676154e-01
LJ               0    1.000000    0.000000
  -6.6303550793e-01   -2.0247761687e-01    3.1076129542e+00
LJ               0    1.000000    0.000000
   3.6122010001e-01   -2.8837110442e+00   -6.4807699288e-01
LJ               0    1.000000    0.000000
   2.6812322201e+00    2.9452988942e+00    1.1916460562e+00
LJ               0    1.000000    0.000000
  -3.7252047485e+00   -1.9963972344e-01    6.8232761266e-01
LJ               0    1.000000    0.000000
   3.4483391562e+00   -2.9624615174e+00    1.1580348054e+00
LJ               0    1.000000    0.000000
  -8.3492697220e-01   -6.2929221305e-01   -1.7113529631e+00
LJ               0    1.000000    0.000000
  -1.2365530007e-01    3.4717046488e+00   -5.8805100684e-01
LJ               0    1.000000    0.000000
  -2.1315068178e+00    1.4873491122e+00   -5.9186795197e-01
LJ               0    1.000000    0.000000
   2.7321942943e+00    1.2425971262e+00    2.1186419757e+00
LJ               0    1.000000    0.000000
   1.5520287065e+00   -3.4412741067e+00   -2.5505516523e+00
LJ               0    1.000000    0.000000
   1.4992036117e+00    1.5777001218e-01   -3.5297939451e+00
LJ               0    1.000000    0.000000
  -3.1671995789e+00    3.6521910088e+00   -2.1549133993e+00
LJ               0    1.000000    0.000000
  -1.6603805754e+00   -1.0266082179e+00   -2.3273739075e+00
LJ               0    1.000000    0.000000
   9.1408697222e-01   -1.7291194990e+00    1.5596997271e+00
LJ               0    1.000000    0.000000
   2.3225733068e+00   -2.5728093923e+00   -3.3631475025e+00
LJ               0    1.000000    0.000000
  -2.0780270737e-01   -1.9623498046e+00    3.1157113882e+00
LJ               0    1.000000    0.000000
   3.2325554127e-01   -9.4035371680e-01   -1.4416008045e+00
LJ               0    1.000000    0.000000
  -1.0019872223e+00    2.6048534992e+00    5.4285183656e-01
LJ               0    1.000000    0.000000
  -2.6197044705e+00    2.0138706637e+00    6.7105771177e-02
LJ               0    1.000000    0.000000
  -1.9067765187e+00   -2.7265566399e+00   -2.1781556471e+00
LJ               0    1.000000    0.000000
   2.4711253801e+00   -2.6191419574e+00   -1.0708648167e+00
LJ               0    1.000000    0.000000
  -2.0825541054e+00    9.6616847723e-01    2.6806637675e+00
LJ               0    1.000000    0.000000
   9.5556735570e-01   -2.1732682475e+00   -2.0614076293e+00
LJ               0    1.000000    0.000000
   3.3818273301e+00   -9.7367605900e-01   -2.5696715664e+00
LJ               0    1.000000    0.000000
   2.1569351392e+00    2.8997132086e-01    3.1695660488e+00
LJ               0    1.000000    0.000000
  -3.5230706971e+00   -1.9904000051e+00    1.4357281986e+00
LJ               0    1.000000    0.000000
  -4.8690280507e-01    2.1258248161e+00    1.5828407783e+00
LJ               0    1.000000    0.000000
   1.2904837477e+00    2.1938080059e+00   -2.6675202575e+00
LJ               0    1.000000    0.000000
  -1.8690790483e+00    3.5293110954e+00   -3.5174611236e+00
LJ               0    1.000000    0.000000
   3.7580386504e+00    3.6972170039e+00    1.7070599471e+00
LJ               0    1.000000    0.000000
  -3.1883697558e+00    2.1148638350e+00   -8.7475268508e-01
LJ               0    1.000000    0.000000
   3.2095203648e+00   -1.6466378490e+00    1.8804090804e+00
LJ               0    1.000000    0.000000
   1.8144504004e+00   -1.9337094412e+00    1.2051985747e+00
LJ               0    1.000000    0.000000
  -2.1316206282e+00    2.6721067640e+00    3.7617775373e+00
LJ               0    1.000000    0.000000
  -8.3423897999e-01    1.8784375158e-02    2.0086216743e+00
LJ               0    1.000000    0.000000
  -1.1588662232e-01    5.4945030903e-01    2.5451287003e+00
LJ               0    1.000000    0.000000
  -1.6078673651e+00   -1.8574079561e+00    1.7605187327e+00
LJ               0    1.000000    0.000000
  -1.5998872724e+00    1.9577245597e+00   -1.5783534860e+00
LJ               0    1.000000    0.000000
  -1.2581943532e+00   -3.2075092226e-02    7.9900259190e-01
LJ               0    1.000000    0.000000
  -4.4552554224e-01   -2.5261591617e+00   -1.1058406098e+00
LJ               0    1.000000    0.000000
  -3.6963266172e+00    2.6349042582e+00    2.0336896008e+00
LJ               0    1.000000    0.000000
  -7.3756492147e-01    1.3903943137e+00   -1.5970055164e+00
LJ               0    1.000000    0.000000
   1.7892517463e+00    2.7287366597e+00   -2.0020845923e+00
LJ               0    1.000000    0.000000
  -2.6595870202e+00    2.7972423595e+00   -2.1570103391e+00
LJ               0    1.000000    0.000000
   2.5910717873e+00    3.1371679467e-01    1.2409689905e-01
LJ               0    1.000000    0.000000
   3.5159117158e-01    3.5501363340e+00   -2.2479409518e+00
LJ               0    1.000000    0.000000
   1.7255653971e-01    1.4607523835e+00    8.3935883305e-01
LJ               0    1.000000    0.000000
  -2.3844140812e+00   -3.0148110460e+00    3.5000416844e-01
LJ               0    1.000000    0.000000
  -4.9686233854e-01    2.7011603964e-01   -2.8516701366e+00
LJ               0    1.000000    0.000000
  -8.3796040180e-01   -9.5351371240e-01    5.0781736405e-01
LJ               0    1.000000    0.000000
  -2.6763552344e+00   -1.5595068923e+00   -1.9074395436e-01
LJ               0    1.000000    0.000000
   9.5095546261e-01    9.1941988060e-01    3.6932876080e+00
LJ               0    1.000000    0.000000
  -2.5833323346e+00    1.4537130614e+00   -1.4300202596e+00
LJ               0    1.000000    0.000000
   1.9316665874e-01   -2.7048895256e+00    1.5940586259e+00
LJ               0    1.000000    0.000000
  -6.0510869642e-01   -3.3500339002e+00    1.8447516791e+00
LJ               0    1.000000    0.000000
  -1.4367638728e+00    1.0050747563e+00   -2.1397643977e+00
LJ               0    1.000000    0.000000
   1.9028411670e+00   -4.2048177124e-01    6.9953222665e-01
LJ               0    1.000000    0.000000
  -2.4292831314e+00   -2.5720080695e+00    1.4692865179e+00
LJ               0    1.000000    0.000000
   2.3673394391e+00    3.3200899734e+00   -2.5295576005e+00
LJ               0    1.000000    0.000000
  -1.3845951851e+00    3.2831490970e+00    3.1300839829e+00
LJ               0    1.000000    0.000000
   1.7844469682e+00   -5.9650321406e-01    2.6599184539e+00
LJ               0    1.000000    0.000000
  -2.7931626487e-01   -2.2483309973e+00   -3.8790208753e-02
LJ               0    1.000000    0.000000
   1.0518349264e+00    2.6887228364e+00   -3.4947031285e+00
LJ               0    1.000000    0.000000
   2.8685370127e+00    2.2405252530e+00    2.3484384553e+00
LJ               0    1.000000    0.000000
   8.5639860559e-01    1.0223428032e+00    2.5535389976e+00
LJ               0    1.000000    0.000000
  -7.3726172009e-01    6.5986780597e-01    1.1829964070e+00
LJ               0    1.000000    0.000000
  -1.3204651166e+00   -1.9050938444e+00   -1.6395920848e+00
LJ               0    1.000000    0.000000
   1.8668237143e+00   -1.4256438883e+00   -2.5707916262e+00
LJ               0    1.000000    0.000000
  -3.5209627053e+00    4.6349932625e-01   -6.2839543199e-01
LJ               0    1.000000    0.000000
  -3.7616003081e+00   -1.3224341682e+00    3.4209678711e+00
LJ               0    1.000000    0.000000
   3.2148915881e+00   -2.6236903900e+00    2.0584267443e+00
LJ               0    1.000000    0.000000
   2.8886455868e+00   -1.7881589347e+00   -1.1476222009e+00
LJ               0    1.000000    0.000000
   3.0637764894e+00    3.3503575654e+00   -3.2636129587e+00
LJ               0    1.000000    0.000000
   1.1371728701e+00    2.5612842307e+00    2.3254586830e+00
LJ               0    1.000000    0.000000
  -3.4361434818e+00    3.5855107278e+00    3.3983966551e+00
LJ               0    1.000000    0.000000
   2.5690397616e+00   -1.2427938179e+00    1.2658235902e+00
LJ               0    1.000000    0.000000
   1.0250407181e-01    1.0784556150e+00   -1.4201415710e+00
LJ               0    1.000000    0.000000
   1.4860335407e+00   -1.3919059436e+00    3.2730980242e+00
LJ               0    1.000000    0.000000
   1.2585973735e+00    6.3320721254e-01   -1.6476434972e+00
LJ               0    1.000000    0.000000
   2.8955770024e+00    6.7396514102e-01   -8.1229792919e-01
LJ               0    1.000000    0.000000
  -3.4162232859e+00    3.7608524836e+00   -3.9386390769e-01
LJ               0    1.000000    0.000000
   3.3032516244e+00    3.2473385645e+00   -7.7409161109e-01
LJ               0    1.000000    0.000000
  -3.4863207943e+00   -2.8705370421e+00    3.2218630382e+00
LJ               0    1.000000    0.000000
   1.3921964839e+00   -7.0501757597e-01   -2.9877345559e+00
LJ               0    1.000000    0.000000
   3.2562501440e+00    3.3633121310e-01    1.3529916126e+00
LJ               0    1.000000    0.000000
   1.9760915781e-01   -1.1740139278e+00   -3.1311137672e+00
LJ               0    1.000000    0.000000
   1.8648824578e+00    3.5295215309e+00    1.4875053284e+00
LJ               0    1.000000    0.000000
   1.9119889662e+00   -2.3071403196e+00    2.7418535799e-01
LJ               0    1.000000    0.000000
   8.7677562516e-01    2.6000822669e+00   -1.7107702932e+00
LJ               0    1.000000    0.000000
  -3.0674691651e+00    3.2917038123e+00    2.4911115411e+00
LJ               0    1.000000    0.000000
  -2.1260411948e+00   -1.9003007570e+00    5.2869528835e-01
LJ               0    1.000000    0.000000
   3.6252637716e+00    2.7247080232e+00    1.0768860233e+00
LJ               0    1.000000    0.000000
  -6.9330999051e-01    1.6393281846e+00    4.4094387071e-01
LJ               0    1.000000    0.000000
   6.7387880329e-01    3.7265803824e+00   -3.2564817156e+00
LJ               0    1.000000    0.000000
   2.5395603931e+00    1.3109936763e+00   -8.3668671530e-02
LJ               0    1.000000    0.000000
   3.5670383894e+00   -2.1636572870e+00    5.7278768250e-01
LJ               0    1.000000    0.000000
   3.7600281783e+00   -3.3716985642e+00   -1.2595116325e+00
LJ               0    1.000000    0.000000
  -1.1590807758e+00   -1.0315312028e+00   -8.5677983740e-01
LJ               0    1.000000    0.000000
   1.3898001562e+00   -3.9001257793e-01   -1.2189198877e+00
LJ               0    1.000000    0.000000
   6.4283539111e-02    2.4352258214e+00    6.6254904744e-01
LJ               0    1.000000    0.000000
  -2.0808618902e+00   -2.4152049091e+00   -3.3787616720e-01
LJ               0    1.000000    0.000000
   2.8638113034e+00   -3.4888875284e+00   -1.1028195079e+00
LJ               0    1.000000    0.000000
  -2.4187727599e-01    2.6448485011e+00    2.5049227700e+00
LJ               0    1.000000    0.000000
  -1.7287710422e+00   -3.6848865926e+00    4.2182325302e-02
LJ               0    1.000000    0.000000
   3.7382307724e+00    1.1228853470e+00    3.2043636151e+00
LJ               0    1.000000    0.000000
   4.5947273372e-01    4.7564053887e-03   -1.4040276853e+00
LJ               0    1.000000    0.000000
  -3.1737604585e+00   -1.2190820274e+00   -2.1713217570e+00
LJ               0    1.000000    0.000000
   2.8252221277e+00    2.5134245459e+00   -2.2154614143e+00
LJ               0    1.000000    0.000000
  -2.5425702770e+00    3.3550833143e+00   -1.3218426585e+00
LJ               0    1.000000    0.000000
   8.6239165749e-02    2.0566569314e+00   -1.9231082957e+00
LJ               0    1.000000    0.000000
  -1.0048710585e+00   -2.8664265305e+00   -2.0521020519e+00
LJ               0    1.000000    0.000000
  -3.2792135158e-01   -3.3112112042e-01   -9.3793610382e-01
LJ               0    1.000000    0.000000
   3.1214016067e+00    2.4231706966e+00   -3.3305814836e+00
LJ               0    1.000000    0.000000
  -3.3189913510e+00   -1.3074141438e+00    2.1365484048e+00
LJ               0    1.000000    0.000000
  -1.4534300678e+00    6.7134118561e-01   -2.7191374471e-01
LJ               0    1.000000    0.000000
   3.3217681798e+00   -1.7569373921e-01   -2.3295086742e-01
LJ               0    1.000000    0.000000
  -2.2590338119e+00    1.7289622008e+00    8.8089479927e-01
LJ               0    1.000000    0.000000
  -2.2081914664e+00   -4.5393483030e-01   -3.3077581289e+00
LJ               0    1.000000    0.000000
  -6.1010882601e-02    1.1495125763e+00    1.8419965480e+00
LJ               0    1.000000    0.000000
   8.5602398326e-01   -3.0293814360e+00   -1.4980406324e+00
LJ               0    1.000000    0.000000
   3.6836847492e+00   -2.0049394193e+00   -2.4039069429e+00
LJ               0    1.000000    0.000000
   2.0279165311e+00    3.4446968247e+00   -3.5151075789e+00
LJ               0    1.000000    0.000000
  -3.4245779856e-01   -3.2948784284e+00    2.7341613889e-02
LJ               0    1.000000    0.000000
   1.4075344306e+00    1.7469688195e+00   -3.5781587342e+00
LJ               0    1.000000    0.000000
   3.6268536608e+00    2.9393984452e+00    2.9059832110e+00
LJ               0    1.000000    0.000000
   3.2855551783e+00    2.0844458705e-01    2.6999861304e+00
LJ               0    1.000000    0.000000
   2.2987845277e+00    2.9598527570e-01    2.2483111667e+00
LJ               0    1.000000    0.000000
   2.2263079157e+00    1.7293884304e+00    1.4528199579e+00
LJ               0    1.000000    0.000000
   3.2076103373e+00    4.2724309278e-01    3.6143457651e+00
LJ               0    1.000000    0.000000
  -6.9185693517e-01    1.4544284260e+00    3.7188160797e+00
LJ               0    1.000000    0.000000
   5.5271315260e-01   -2.5782565345e-01   -3.1778395071e+00
LJ               0    1.000000    0.000000
   1.7529801577e+00   -2.8627692320e+00   -1.7720323956e+00
LJ               0    1.000000    0.000000
   3.4499443591e+00    2.4040756795e+00   -1.5925337479e+00
LJ               0    1.000000    0.000000
  -2.3317376371e+00    8.8855553290e-02    3.3963280730e+00
LJ               0    1.000000    0.000000
  -1.7745255966e+00   -2.9121053932e+00   -3.0859989622e+00
LJ               0    1.000000    0.000000
  -2.9505117882e+00   -6.3060738766e-01    1.3649999549e+00
LJ               0    1.000000    0.000000
  -1.2331596094e+00    1.1740873845e+00    1.9373094751e+00
LJ               0    1.000000    0.000000
  -2.5375232371e+00   -3.4586555283e+00    1.8678508581e+00
LJ               0    1.000000    0.000000
  -1.3117562601e+00   -7.7696703198e-01    2.4063409895e+00
LJ               0    1.000000    0.000000
   4.0461264263e-01    2.6628819184e+00   -2.5903461341e+00
LJ               0    1.000000    0.000000
  -1.1536254787e+00   -1.2772394300e+00    3.3027813146e+00
LJ               0    1.000000    0.000000
   1.2275209404e+00   -2.4141462243e+00   -9.4007805668e-01
LJ               0    1.000000    0.000000
  -1.3591667871e+00   -1.6584885143e-01   -2.8017758546e+00
LJ               0    1.000000    0.000000
  -3.4819694649e+00   -3.7112776935e+00   -3.1828857469e+00
LJ               0    1.000000    0.000000
  -1.5187385201e+00   -2.7328000815e+00   -1.1846542988e+00
LJ               0    1.000000    0.000000
   1.3791973642e+00    2.7249644108e+00    1.1770915308e+00
LJ               0    1.000000    0.000000
   3.1374195499e+00   -1.0668944478e+00   -4.8808307318e-01
LJ               0    1.000000    0.000000
  -1.7476834821e+00   -3.6156486180e-01    1.5525731695e+00
LJ               0    1.000000    0.000000
  -1.2633238987e+00    1.8083234247e+00   -2.5834834037e+00
LJ               0    1.000000    0.000000
  -1.9876091114e+00    3.6184390868e+00   -2.4279777992e+00
LJ               0    1.000000    0.000000
   5.9520872690e-01   -3.5183972757e+00    8.2735462525e-02
LJ               0    1.000000    0.000000
  -3.1163771582e+00    1.2695327359e+00   -2.9644532648e-01
LJ               0    1.000000    0.000000
  -2.3623225543e+00    3.3637531096e+00    3.2448646776e+00
LJ               0    1.000000    0.000000
  -1.4404980047e+00   -1.1918197200e+00   -3.3332696436e+00
LJ               0    1.000000    0.000000
   2.0793864602e+00    2.8050036450e+00    2.1780438043e+00
LJ               0    1.000000    0.000000
   3.1308611013e+00    3.3330700129e+00   -1.7446873197e+00
LJ               0    1.000000    0.000000
  -3.5672786062e+00    1.9479653744e+00    3.5845031099e-01
LJ               0    1.000000    0.000000
  -4.0389335164e-01    3.2403994544e+00    3.2347819829e+00
LJ               0    1.000000    0.000000
  -9.2303706878e-01   -1.9893373037e+00    5.8671840506e-01
LJ               0    1.000000    0.000000
   6.0225674182e-01    1.8836106908e+00    2.2652620945e-02
LJ               0    1.000000    0.000000
   3.6677526378e-01    1.8823500219e+00    2.4124458835e+00
LJ               0    1.000000    0.000000
  -2.3557587270e+00    1.6112652970e-01    8.8006059796e-01
LJ               0    1.000000    0.000000
   3.7328969834e+00    7.2324269169e-01   -2.2719679990e+00
LJ               0    1.000000    0.000000
  -2.0172712238e+00    1.6514242516e+00    1.9718185263e+00
LJ               0    1.000000    0.000000
  -2.6408600134e+00   -3.1407319587e+00   -2.6042623214e+00
LJ               0    1.000000    0.000000
  -3.6946116691e+00    2.9359450831e+00   -2.7240125622e+00
LJ               0    1.000000    0.000000
  -1.1180793214e+00   -1.9399443968e+00   -5.6429953475e-01
LJ               0    1.000000    0.000000
   3.0066993756e+00   -9.0707968033e-01   -3.6851170294e+00
LJ               0    1.000000    0.000000
  -1.7430018490e+00    3.3485534102e+00   -8.4647053342e-01
LJ               0    1.000000    0.000000
  -1.7937970365e+00   -1.1093986029e+00    1.0387455168e+00
LJ               0    1.000000    0.000000
  -1.2075210289e+00    8.8377061447e-01   -3.1316791906e+00
LJ               0    1.000000    0.000000
   3.2135901837e+00    1.8983614236e+00    1.4248180757e+00
LJ               0    1.000000    0.000000
   3.4608782994e+00    6.6935061932e-02   -2.9141118908e+00
LJ               0    1.000000    0.000000
  -3.6667243906e+00    8.1400039059e-01    2.0977788437e+00
LJ               0    1.000000    0.000000
   1.9246042523e-01   -2.2185412157e+00   -3.0562239258e+00
LJ               0    1.000000    0.000000
  -2.3572147693e+00   -1.2909627816e+00   -2.8489828769e+00
LJ               0    1.000000    0.000000
   1.0390073449e+00   -1.5641790492e+00   -3.0179583054e+00
LJ               0    1.000000    0.000000
   1.2564746726e+00   -2.5582944370e+00    2.1020750253e+00
LJ               0    1.000000    0.000000
  -2.1037494352e+00   -3.6906210015e+00    1.0569928685e+00
LJ               0    1.000000    0.000000
   1.8962324620e+00    1.4533426815e-01   -2.5664976602e+00
LJ               0    1.000000    0.000000
   8.7235141450e-01    3.1620706073e+00    5.2886330630e-01
LJ               0    1.000000    0.000000
  -6.8960069540e-01   -3.4806000520e+00    2.8894307042e+00
LJ               0    1.000000    0.000000
  -2.8372340912e+00   -5.7738303453e-01    2.7527997295e+00
LJ               0    1.000000    0.000000
  -4.6563126791e-01    2.1232467811e+00   -1.1017569606e+00
LJ               0    1.000000    0.000000
  -1.4491002457e+00    1.9389597404e+00   -3.5366882016e+00
LJ               0    1.000000    0.000000
  -5.7355315046e-01   -1.7332395813e+00   -3.4198832583e+00
LJ               0    1.000000    0.000000
   5.0756427579e-01    2.8461667790e+00    3.1609611874e+00
LJ               0    1.000000    0.000000
  -1.9595835323e+00   -1.5597265925e+00   -8.5061763187e-01
LJ               0    1.000000    0.000000
   6.8844569410e-01    2.9061912749e+00   -4.9982197855e-01
LJ               0    1.000000    0.000000
  -1.5278853670e-01    1.3279000934e+00   -4.5126093834e-01
LJ               0    1.000000    0.000000
  -1.9289067060e+00   -2.4791779663e+00    2.3253837811e+00
LJ               0    1.000000    0.000000
   1.6801682343e+00    1.1576918525e+00    8.9884249529e-01
LJ               0    1.000000    0.000000
   2.1837503819e+00    1.8548457910e-01   -1.4669289763e+00
LJ               0    1.000000    0.000000
  -1.1700163463e-01    2.0883137996e+00    3.3081180546e+00
LJ               0    1.000000    0.000000
   1.4250135547e+00   -2.3153364520e+00   -3.7386421835e+00
LJ               0    1.000000    0.000000
   2.4136892338e+00    1.7059661328e+00   -2.7084835735e+00
LJ               0    1.000000    0.000000
   3.1710771482e+00   -3.5584312502e+00   -1.8450166038e-01
LJ               0    1.000000    0.000000
  -1.5335126122e-01   -9.9101090360e-01    3.2878187017e+00
LJ               0    1.000000    0.000000
   2.8679291260e-01    1.7080812798e-01    3.5888834779e+00
LJ               0    1.000000    0.000000
   1.7686319257e+00   -3.3220274313e+00    2.1551010510e+00
LJ               0    1.000000    0.000000
   2.9248619693e+00   -2.7445917160e+00    2.5040624483e-01
LJ               0    1.000000    0.000000
   2.0001121755e+00   -2.9370217032e+00    1.2313030637e+00
LJ               0    1.000000    0.000000
  -7.9720473868e-01   -2.3956909542e+00    1.8024242243e+00
LJ               0    1.000000    0.000000
  -2.2597571542e+00    8.8424432565e-01    1.5767372821e-01
LJ               0    1.000000    0.000000
  -2.3509384105e+00    7.7486736804e-01   -2.0627570745e+00
LJ               0    1.000000    0.000000
  -1.6016298539e+00   -3.3362872131e+00    2.6967084053e+00
LJ               0    1.000000    0.000000
   9.2630893688e-01    1.1822504767e+00   -7.3317889300e-01
LJ               0    1.000000    0.000000
   1.1909481024e+00    3.4351640481e+00    2.4129243490e+00
LJ               0    1.000000    0.000000
   2.1377720895e+00   -9.7484517809e-01   -1.0038176209e+00
LJ               0    1.000000    0.000000
   1.1801896088e+00   -1.4120030406e+00   -1.1134600419e+00
LJ               0    1.000000    0.000000
   1.4978055625e+00   -3.2176876059e+00   -3.4085401060e+00
LJ               0    1.000000    0.000000
  -7.0348749433e-01   -1.0402120366e+00   -2.5884786133e+00
LJ               0    1.000000    0.000000
  -2.2110985952e+00    1.8590856676e+00   -2.3033605965e+00
LJ               0    1.000000    0.000000
  -1.5100436003e+00    2.4613299023e+00   -4.3210388411e-01
LJ               0    1.000000    0.000000
  -2.0890904285e+00   -2.5645129780e+00    3.3439676390e+00
LJ               0    1.000000    0.000000
   9.6871426082e-01   -1.6996100004e-01   -2.2637561059e+00
LJ               0    1.000000    0.000000
   1.0267841763e+00   -7.9682210451e-01    2.0254531955e+00
LJ               0    1.000000    0.000000
  -3.0369495917e+00    2.7369933844e+00    6.7322477192e-01
LJ               0    1.000000    0.000000
  -9.7076254037e-03   -4.3374975473e-01   -2.2675580525e+00
LJ               0    1.000000    0.000000
   2.4645781759e+00   -3.2362034707e+00   -2.0599973034e+00
LJ               0    1.000000    0.000000
  -1.4464114419e+00   -3.2807718655e+00    3.6113063287e+00
LJ               0    1.000000    0.000000
  -2.9814927951e+00   -9.5354610378e-01   -3.7529826330e+00
LJ               0    1.000000    0.000000
   2.9737762688e+00   -1.6800191489e+00   -3.0642616484e+00
LJ               0    1.000000    0.000000
   5.1158783272e-01   -3.0453999717e-01    2.8080717827e+00
LJ               0    1.000000    0.000000
  -2.0616060637e+00   -2.9947977893e-03   -3.8909915216e-02
LJ               0    1.000000    0.000000
   2.4099978967e+00   -7.1113519474e-01   -2.5719062644e-03
LJ               0    1.000000    0.000000
  -2.9885119524e+00    2.5360520918e+00    3.1512676775e+00
LJ               0    1.000000    0.000000
   1.6982654523e-01    4.5921745800e-01   -3.6271459555e-01
LJ               0    1.000000    0.000000
   2.8978174614e+00   -4.3016963862e-01    1.8983023509e+00
LJ               0    1.000000    0.000000
   1.1931590160e+00    3.6509250365e+00   -1.6818880795e+00
LJ               0    1.000000    0.000000
  -3.7202898982e-01    2.1622068483e+00   -2.8633011029e+00
LJ               0    1.000000    0.000000
  -6.0820134550e-01    3.1248308775e+00   -2.6825132139e+00
LJ               0    1.000000    0.000000
   2.7755159138e+00   -3.5072732170e+00    1.5982859619e+00
LJ               0    1.000000    0.000000
  -1.7500599584e+00    8.9034559949e-01    3.5340983516e+00
LJ               0    1.000000    0.000000
  -1.5929613069e+00    9.1848532275e-01   -1.1657180628e+00
LJ               0    1.000000    0.000000
   2.6919021390e+00   -6.0671910000e-01    2.9900597535e+00
LJ               0    1.000000    0.000000
  -1.9477363748e+00   -7.9610355046e-01   -1.4567061315e+00
LJ               0    1.000000    0.000000
   3.6728989275e+00   -1.2704554860e+00   -1.5085551939e+00
LJ               0    1.000000    0.000000
   4.2569451912e-02   -3.6001732511e+00    1.1821423716e+00
LJ               0    1.000000    0.000000
  -3.4748393328e+00    2.7937804766e+00   -3.5948606931e+00
LJ               0    1.000000    0.000000
   1.6775899357e+00    1.1852016530e+00    3.1894185201e+00
LJ               0    1.000000    0.000000
  -1.7901925152e-01    3.2943791314e+00    4.6027180112e-01
LJ               0    1.000000    0.000000
  -2.5348764415e+00   -4.2047522530e-01   -7.5725185309e-01
LJ               0    1.000000    0.000000
  -8.8866535973e-01    3.5695928603e+00   -1.8965449749e+00
LJ               0    1.000000    0.000000
   1.1150270479e+00   -1.1046554180e+00   -2.0023389093e+00
LJ               0    1.000000    0.000000
  -6.9950514177e-01    5.8352556748e-01   -8.7419252105e-01
LJ               0    1.000000    0.000000
   7.0959519340e-01    3.7130078997e+00   -9.3452180717e-01
LJ               0    1.000000    0.000000
   3.0596063658e+00    2.0828412417e+00    4.0247013768e-01
LJ               0    1.000000    0.000000
   5.8450773287e-01   -3.2400220819e+00    2.3855914872e+00
LJ               0    1.000000    0.000000
  -1.5646732666e+00   -5.8704408806e-02   -9.0375365040e-01
LJ               0    1.000000    0.000000
  -3.7902085409e-01   -4.0820574587e-01    1.2310697162e+00
LJ               0    1.000000    0.000000
   1.8423215332e-01    8.5836341484e-01   -3.2474673505e+00
LJ               0    1.000000    0.000000
  -1.2206024444e+00   -2.7815161147e+00   -6.6605889066e-02
LJ               0    1.000000    0.000000
  -3.4364135416e+00    1.9174775051e+00    3.7017411905e+00
LJ               0    1.000000    0.000000
   1.0378220644e+00    6.1686438747e-01   -2.8503753616e+00
LJ               0    1.000000    0.000000
   2.8007107746e+00   -3.5823970600e+00    6.4510775646e-01
LJ               0    1.000000    0.000000
   2.0484630600e+00    3.1943070680e+00    5.4302161575e-01
LJ               0    1.000000    0.000000
   1.5019214052e+00   -1.6334709874e+00    2.3588770153e+00
LJ               0    1.000000    0.000000
  -8.7370902136e-01   -1.5753553920e+00    2.3685281540e+00
LJ               0    1.000000    0.000000
  -2.6756316512e+00    3.1594954320e+00   -3.1327814307e+00
LJ               0    1.000000    0.000000
   2.4901489172e+00   -3.3799424361e+00   -3.0169145058e+00
LJ               0    1.000000    0.000000
   2.1874947540e+00   -3.2486165977e+00   -3.0747780787e-02
LJ               0    1.000000    0.000000
  -3.1148618733e+00    4.6953515110e-02   -3.5521596199e+00
LJ               0    1.000000    0.000000
  -1.3964124470e+00    3.2160288875e+00    1.3807362572e+00
LJ               0    1.000000    0.000000
  -4.4666668018e-02    3.5750224393e+00    2.3330155272e+00
LJ               0    1.000000    0.000000
   1.6163369314e-01    1.1408254645e+00    3.2056956776e+00
LJ               0    1.000000    0.000000
   1.3618960886e+00    2.5582415253e+00   -3.6086770099e-02
LJ               0    1.000000    0.000000
  -3.3737242162e-01   -3.6323821223e+00   -3.5025863877e+00
LJ               0    1.000000    0.000000
  -3.7502235409e+00    1.7966516717e+00    2.5454870467e+00
LJ               0    1.000000    0.000000
  -3.5110545682e+00   -3.0065012748e+00   -2.1541515375e+00
LJ               0    1.000000    0.000000
  -2.3253033206e+00   -1.0193090322e+00    2.0614467395e+00
LJ               0    1.000000    0.000000
   2.3606110432e+00   -3.2736545612e+00    3.5417521802e+00
LJ               0    1.000000    0.000000
   2.4587945565e+00   -6.4706919276e-01   -2.9319143934e+00
LJ               0    1.000000    0.000000
   2.2591495544e+00    1.9639257535e+00    3.5401696819e+00
LJ               0    1.000000    0.000000
   2.6814282579e+00   -3.3168766829e+00    2.6131437333e+00
LJ               0    1.000000    0.000000
  -2.1688977927e+00    4.1437403799e-01   -2.9716992299e+00
LJ               0    1.000000    0.000000
   2.7265959098e-01   -1.2136476324e+00    4.2308537410e-01
LJ               0    1.000000    0.000000
  -3.6994357637e+00   -1.9882875514e+00    2.6200617053e+00
LJ               0    1.000000    0.000000
   2.5222821704e+00    9.4570774422e-01   -1.8521446707e+00
LJ               0    1.000000    0.000000
  -1.0190437869e+00    3.3030754515e+00    2.2285569441e+00
LJ               0    1.000000    0.000000
  -2.1085979351e+00    3.2350919381e+00    2.1583254884e+00
LJ               0    1.000000    0.000000
   3.0491881372e+00    3.6219768905e+00    3.2537853357e+00
LJ               0    1.000000    0.000000
  -3.5822394612e+00    2.8200202431e+00   -1.7112213951e-01
LJ               0    1.000000    0.000000
  -1.5362674404e-01   -3.4611461672e-01    4.4549314865e-02
LJ               0    1.000000    0.000000
   6.3028159514e-01    1.4301655128e+00   -2.5248549697e+00
LJ               0    1.000000    0.000000
   3.0001652843e+00   -2.5096746296e+00    3.0165332674e+00
LJ               0    1.000000    0.000000
  -1.5732482100e+00    9.3653696585e-01    8.2576763738e-01
LJ               0    1.000000    0.000000
  -4.4536592712e-02   -1.8678843833e+00    1.1086261411e+00
LJ               0    1.000000    0.000000
   1.8587011622e+00   -1.3352017766e+00    4.1283495539e-01
LJ               0    1.000000    0.000000
  -2.1251337439e+00    1.4375728788e+00   -3.1621186283e+00
LJ               0    1.000000    0.000000
   1.6614599056e+00    5.1892327434e-01    2.2264732932e-01
LJ               0    1.000000    0.000000
  -3.3725491500e+00   -2.7745285798e+00   -3.3626648615e+00
LJ               0    1.000000    0.000000
   3.0169214208e-01    5.0571161266e-01   -2.2949934732e+00
LJ               0    1.000000    0.000000
  -2.2293149763e+00   -1.6003532062e+00    3.7286846434e+00
LJ               0    1.000000    0.000000
   9.3600533404e-01    1.8736512884e+00    3.2113643060e+00
LJ               0    1.000000    0.000000
   2.0131261696e+00    3.5228317089e+00    2.8264462029e+00
LJ               0    1.000000    0.000000
   2.5652314810e+00    2.8450280702e+00    3.4088996138e+00
LJ               0    1.000000    0.000000
  -7.0936188281e-01   -2.7022344221e+00   -3.0456988007e+00
LJ               0    1.000000    0.000000
   2.7176553532e+00   -2.2275311829e+00    1.1089953114e+00
LJ               0    1.000000    0.000000
  -4.5271825688e-01    1.3088819491e+00   -2.4715188258e+00
LJ               0    1.000000    0.000000
  -1.9803268993e+00    6.9368604040e-01    1.6714328016e+00
LJ               0    1.000000    0.000000
  -3.1964968951e+00    8.1760840838e-01   -1.5039559405e+00
LJ               0    1.000000    0.000000
  -1.0396056505e+00   -3.0831622075e-01   -1.8426482859e-01
LJ               0    1.000000    0.000000
  -1.2471112648e+00    2.3987220037e+00    2.2023006570e+00
LJ               0    1.000000    0.000000
  -3.4493774066e+00   -4.3721954060e-01   -1.0311056716e+00
LJ               0    1.000000    0.000000
   2.8753481245e+00   -4.0982427015e-01    8.9327207944e-01
LJ               0    1.000000    0.000000
   3.4638331420e+00   -9.7694145782e-01    2.5952917853e+00
LJ               0    1.000000    0.000000
   3.3868903498e+00   -2.6553516016e+00   -6.6383521001e-01
LJ               0    1.000000    0.000000
  -6.7133034769e-02    2.9813934672e+00   -1.5980854852e+00
LJ               0    1.000000    0.000000
   2.5532863903e-01   -1.5809812901e+00   -2.2734356339e+00
LJ               0    1.000000    0.000000
  -1.9302136705e+00    2.8459571115e+00    4.4608300332e-01
LJ               0    1.000000    0.000000
  -1.3537507781e+00    1.8738960782e+00    1.2433535790e+00
LJ               0    1.000000    0.000000
   2.0123694812e+00   -7.0571102059e-01    3.7383532984e+00
LJ               0    1.000000    0.000000
   2.9533759948e+00   -1.9226848234e+00   -1.4433425494e-01
LJ               0    1.000000    0.000000
   1.2795029419e+00   -3.0516504912e+00    3.1053711653e+00
LJ               0    1.000000    0.000000
   2.0458915128e+00    1.0436094984e+00   -3.3824976887e+00
LJ               0    1.000000    0.000000
   1.3947527875e+00    3.5180730777e+00   -1.3919864093e-01
LJ               0    1.000000    0.000000
  -3.3672032182e+00    3.0020104604e+00   -1.1413841050e+00
LJ               0    1.000000    0.000000
  -2.5184797244e+00   -7.9126054464e-01    4.7402541488e-01
LJ               0    1.000000    0.000000
  -1.8600262787e-01   -7.8000713029e-01    2.3222708551e+00
LJ               0    1.000000    0.000000
   1.0355590099e+00   -3.5807650976e+00    1.4876252617e+00
LJ               0    1.000000    0.000000
  -3.4046724736e+00   -2.2129178623e+00   -1.4035422062e+00
LJ               0    1.000000    0.000000
   3.3979593960e-01   -2.7109134809e+00    5.4719320241e-01
LJ               0    1.000000    0.000000
   8.8631816961e-01    9.5067285388e-01    1.3810744909e+00
LJ               0    1.000000    0.000000
  -2.8080837099e+00    9.4057081395e-01   -3.7548531989e+00
LJ               0    1.000000    0.000000
  -2.9338642080e+00    1.3512547537e+00    2.7677838796e+00
LJ               0    1.000000    0.000000
  -2.7436855315e+00    2.2574153505e+00    2.0225284105e+00
LJ               0    1.000000    0.000000
  -3.0470808965e+00    2.6211523185e-01   -2.6362331630e+00
LJ               0    1.000000    0.000000
   3.1858981084e-01   -3.7696750236e-02    1.7572475675e+00
LJ               0    1.000000    0.000000
   5.8182551825e-01   -1.7471681196e+00    3.6111888551e+00
LJ               0    1.000000    0.000000
   4.0187888536e-01    1.8414619969e+00   -3.4031375878e+00
LJ               0    1.000000    0.000000
  -5.0835158259e-01   -1.5219370616e+00   -1.4076081653e+00
LJ               0    1.000000    0.000000
  -2.1496495914e+00   -1.6895335090e+00   -1.9132709730e+00
LJ               0    1.000000    0.000000
  -2.2279700149e+00    2.6050538874e+00    1.2863700759e+00
LJ               0    1.000000    0.000000
   5.6317434735e-03    2.9583057148e+00   -3.4568891059e+00
LJ               0    1.000000    0.000000
   1.5477561676e+00   -3.5087636450e+00    6.3803625049e-01
LJ               0    1.000000    0.000000
  -3.1230636351e-01    2.4488067663e+00   -2.7831335082e-01
LJ               0    1.000000    0.000000
  -1.0990058887e+00    1.5385217211e+00   -6.4964892796e-01
LJ               0    1.000000    0.000000
   2.1569863219e+00   -6.6540050772e-01   -1.9500157329e+00
LJ               0    1.000000    0.000000
   1.5786905133e+00    2.0273582346e+00   -8.4213500482e-01
LJ               0    1.000000    0.000000
  -1.6482532319e+00    1.7533003247e+00    1.7422218465e-01
LJ               0    1.000000    0.000000
   2.9222236878e+00   -3.8913396985e-01   -1.1302955078e+00
LJ               0    1.000000    0.000000
  -2.8164879286e+00    1.2819483724e+00    1.7587041094e+00
LJ               0    1.000000    0.000000
   3.2558549651e+00    2.1121038139e+00    3.2076124117e+00
LJ               0    1.000000    0.000000
   2.6872526074e+00    1.1322451156e+00    3.0771807187e+00
LJ               0    1.000000    0.000000
  -2.9966482703e+00    7.9995625564e-02   -1.3648655742e-03
LJ               0    1.000000    0.000000
  -3.4401212857e+00   -2.8547228548e+00    1.9501529896e+00
LJ               0    1.000000    0.000000
  -2.7482513890e+00    3.6170406634e+00    2.6197570405e-01
LJ               0    1.000000    0.000000
  -2.5975393738e+00   -3.3668074881e+00   -3.6155356655e+00
LJ               0    1.000000    0.000000
   1.5109558412e+00    2.9830397389e+00   -1.0170849675e+00
LJ               0    1.000000    0.000000
  -2.8076826937e+00   -1.2987690910e+00   -1.2184045326e+00
LJ               0    1.000000    0.000000
   1.0153825310e+00    1.6498640325e+00   -1.6037165778e+00
LJ               0    1.000000    0.000000
  -2.3674805936e+00   -3.3956697590e+00   -7.8669372048e-01
LJ               0    1.000000    0.000000
  -1.6217097684e+00   -2.7133686303e+00    9.0001382920e-01
LJ               0    1.000000    0.000000
   2.4130284667e+00   -1.2664226815e+00    2.2598075424e+00
LJ               0    1.000000    0.000000
  -1.6783809801e+00    2.9299745460e+00   -1.7470283313e+00
LJ               0    1.000000    0.000000
  -2.4747385210e+00    5.6122313873e-02    2.0899154179e+00
LJ               0    1.000000    0.000000
  -2.4592765011e+00   -2.2808499965e+00   -1.3031371160e+00
LJ               0    1.000000    0.000000
  -3.7312908249e-01   -1.3249795962e+00   -2.7539694953e-01
LJ               0    1.000000    0.000000
  -2.9036900983e+00   -2.1796047338e+00   -2.3367754470e+00
LJ               0    1.000000    0.000000
  -1.4073147049e+00    6.2298416866e-02   -3.7307716175e+00
LJ               0    1.000000    0.000000
  -3.2945030162e+00   -6.5945761159e-01   -2.9232055379e+00
LJ               0    1.000000    0.000000
   1.4205904901e+00   -7.6771041740e-01   -2.3494074617e-01
LJ               0    1.000000    0.000000
  -1.4409526805e+00   -2.1284932143e+00   -3.7312996667e+00
LJ               0    1.000000    0.000000
  -2.5340165411e-01   -3.3560716167e+00   -2.4925267447e+00
LJ               0    1.000000    0.000000
  -3.1223045601e+00   -2.1103266987e+00    3.5588823407e+00
LJ               0    1.000000    0.000000
   1.6796524538e+00   -3.3758470827e+00   -9.3577097569e-01
LJ               0    1.000000    0.000000
  -2.6266200998e+00   -1.6793783774e+00    1.3182456838e+00
LJ               0    1.000000    0.000000
  -3.5803505489e+00   -2.7163675722e-01    2.1150642940e+00
LJ               0    1.000000    0.000000
  -2.6310267741e+00   -3.3081230111e+00    2.8210793769e+00
LJ               0    1.000000    0.000000
  -1.7810484062e+00   -1.1235335374e+00   -4.1004067358e-02
LJ               0    1.000000    0.000000
  -3.2340249047e+00    1.9335816738e+00   -2.0381522177e+00
LJ               0    1.000000    0.000000
   3.2425448181e+00    1.5900324847e+00   -2.1922399961e+00
LJ               0    1.000000    0.000000
   3.3922690767e+00   -3.7307449575e+00   -2.5055200285e+00
LJ               0    1.000000    0.000000
   3.2936372286e+00   -2.7819657548e+00   -2.7902769107e+00
LJ               0    1.000000    0.000000
  -1.0192728173e+00    7.3270632932e-01    2.8017724207e+00
LJ               0    1.000000    0.000000
  -2.7927565863e+00   -1.4876234479e+00    2.8868029143e+00
LJ               0    1.000000    0.000000
   2.9826825711e+00   -1.7427818504e-01   -2.0669897317e+00
LJ               0    1.000000    0.000000
  -1.0488958027e+00    2.4568311562e+00    3.2164972420e+00
LJ               0    1.000000    0.000000
  -3.0154114825e+00   -2.3445217191e+00    5.7433273657e-01
LJ               0    1.000000    0.000000
  -2.9608460125e+00    1.2426265470e+00   -2.7863187796e+00
LJ               0    1.000000    0.000000
   5.0332968753e-01   -6.7922849680e-01   -5.7004192919e-01
LJ               0    1.000000    0.000000
   1.8652717956e+00   -1.8130975386e+00   -6.0974691588e-01
LJ               0    1.000000    0.000000
  -7.4542496551e-01    2.5091226690e+00   -1.9069198436e+00
LJ               0    1.000000    0.000000
   2.0833996128e+00   -1.8868522404e+00   -1.7323744830e+00
LJ               0    1.000000    0.000000
   1.5824384262e+00    1.5522121976e+00    4.1199035536e-02
LJ               0    1.000000    0.000000
   3.4011275308e+00   -2.1900336360e+00   -3.7545907293e+00
LJ               0    1.000000    0.000000
   1.7695118877e+00    1.0084338010e+00    2.0249436645e+00
LJ               0    1.000000    0.000000
  -1.5881275511e+00    7.9478725126e-02   -1.8671711694e+00
LJ               0    1.000000    0.000000
  -5.7449201653e-01   -1.9717658274e+00   -2.3598070346e+00
LJ               0    1.000000    0.000000
  -6.5073373501e-01    4.7683949074e-01    1.7752284988e-01
LJ               0    1.000000    0.000000
  -2.9814662870e+00    3.2234409454e+00    1.5476643249e+00
LJ               0    1.000000    0.000000
   3.6061573619e+00    1.3730037823e+00   -1.3609295066e+00
LJ               0    1.000000    0.000000
   1.2125637191e+00   -2.8166048929e+00   -2.9101359844e-02
LJ               0    1.000000    0.000000
  -1.5202254702e+00   -1.9625517737e+00   -2.6219516069e+00
LJ               0    1.000000    0.000000
  -1.4575980690e+00    1.6309850709e+00    2.8786155226e+00
LJ               0    1.000000    0.000000
   1.0141926104e+00   -1.8694344309e+00    5.3047219109e-01
LJ               0    1.000000    0.000000
   2.3062240625e+00    2.7426107132e-01    1.2756240952e+00
LJ               0    1.000000    0.000000
  -2.5131403549e+00   -2.3422536429e+00   -3.1973385181e+00
LJ               0    1.000000    0.000000
   2.0611124325e+00   -1.6466837088e+00   -3.4907915295e+00
LJ               0    1.000000    0.000000
  -5.5889606494e-01   -2.8154623818e+00    9.3354648582e-01
LJ               0    1.000000    0.000000
   1.2508156184e+00   -9.5635615805e-01    1.0686443696e+00
LJ               0    1.000000    0.000000
   2.4137022918e+00    1.4853014759e-01   -3.4903990853e+00
LJ               0    1.000000    0.000000
   2.7947124791e+00   -1.5775263684e+00    3.1993192417e+00
LJ               0    1.000000    0.000000
  -1.9623633487e+00   -8.0738027048e-01    3.2500046021e+00
LJ               0    1.000000    0.000000
   1.5998384115e+00   -2.5140489277e+00   -2.7468061698e+00
LJ               0    1.000000    0.000000
   9.5525021267e-02   -2.5617024500e+00   -2.0640052156e+00
LJ               0    1.000000    0.000000
   1.2564932494e+00    1.1712286950e-01    1.0358018811e+00
LJ               0    1.000000    0.000000
   6.9694649364e-01   -3.0305697534e+00   -2.6939670647e+00
LJ               0    1.000000    0.000000
   3.7458206787e+00    3.6028828439e+00    4.8129017908e-01
LJ               0    1.000000    0.000000
  -2.7816519768e+00   -2.4220674654e-02   -1.5627599776e+00
LJ               0    1.000000    0.000000
  -5.9313616567e-01    1.6494402495e+00    2.5043344096e+00
LJ               0    1.000000    0.000000
  -8.0612007331e-01    3.0158860152e+00   -1.0728379955e+00
LJ               0    1.000000    0.000000
  -1.6897814423e+00    3.5255239544e-02    2.6463264511e+00
LJ               0    1.000000    0.000000
   2.7873980797e+00   -1.4287432283e+00   -2.0688499479e+00
LJ               0    1.000000    0.000000
  -3.6489183607e+00   -1.7560009492e+00   -4.2216660714e-01
LJ               0    1.000000    0.000000
  -2.8494347414e+00   -2.1802146506e+00    2.2215699197e+00
LJ               0    1.000000    0.000000
   1.1251231640e+00    1.8837094402e+00    9.1425596206e-01
LJ               0    1.000000    0.000000
  -9.4530712631e-01   -3.6994533002e+00    7.8473428917e-01
LJ               0    1.000000    0.000000
  -3.6448131138e+00   -2.9941214164e+00    1.6689164302e-01
LJ               0    1.000000    0.000000
   3.3067430439e+00    2.3093393447e+00   -6.1488142197e-01
LJ               0    1.000000    0.000000
   3.6527407018e+00   -3.4989990979e+00    2.6241976740e+00
LJ               0    1.000000    0.000000
  -4.6002560216e-01    3.0722835846e+00    1.4255095130e+00
LJ               0    1.000000    0.000000
   2.5139961869e+00    2.7082689337e+00   -1.2831413388e+00
LJ               0    1.000000    0.000000
   2.7951290429e+00    7.4054807470e-01   -2.7998899404e+00
LJ               0    1.000000    0.000000
  -3.2695752803e+00    2.6397296512e-01    1.3416581675e+00
LJ               0    1.000000    0.000000
   3.1560032140e+00   -2.4609124343e+00   -1.7855480035e+00
LJ               0    1.000000    0.000000
  -5.6092926046e-01    5.2980984717e-01    3.6911206020e+00
LJ               0    1.000000    0.000000
   8.3193640864e-01    8.7944029208e-01    3.3771705377e-01
LJ               0    1.000000    0.000000
  -5.4577760437e-01   -4.5099604195e-01   -3.4623468339e+00
LJ               0    1.000000    0.000000
  -3.2750168660e-01   -2.6838268289e+00    2.5539826542e+00
LJ               0    1.000000    0.000000
   7.2325227241e-01   -2.3216680515e+00    2.8266083254e+00
LJ               0    1.000000    0.000000
   2.9700556702e+00    3.0354095019e+00    2.4493719100e-01
LJ               0    1.000000    0.000000
   2.6522660106e+00    1.7291630571e+00   -1.1138084028e+00
LJ               0    1.000000    0.000000
   3.7417002000e+00   -3.5604357515e-01    3.4165659531e+00
LJ               0    1.000000    0.000000
  -3.2980377950e+00   -1.3715294795e+00    7.1965679081e-01
LJ               0    1.000000    0.000000
  -1.0950432843e+00    2.9306269301e+00   -3.4929986001e+00
LJ               0    1.000000    0.000000
   1.0558883913e+00    1.9290102795e-01   -6.2020208389e-01
LJ               0    1.000000    0.000000
   6.5308892281e-01   -1.4003315344e+00    2.7074736780e+00
LJ               0    1.000000    0.000000
   5.8962040656e-01   -1.5951743682e+00   -4.1163899505e-01
LJ               0    1.000000    0.000000
  -3.3602179345e+00   -1.6674509523e+00   -3.1413723487e+00
LJ               0    1.000000    0.000000
   3.2100403278e+00   -1.2353441432e+00    4.9714456512e-01
LJ               0    1.000000    0.000000
   3.7207203856e-01   -3.7130102837e+00    3.2927960743e+00
LJ               0    1.000000    0.000000
   8.4031631139e-01   -3.1065189976e-01    3.1498976474e-01
LJ               0    1.000000    0.000000
   1.0781825347e+00   -2.7203726952e+00    1.1191186274e+00
LJ               0    1.000000    0.000000
   1.1827062594e+00    2.6840368347e-01    2.0801965642e+00
LJ               0    1.000000    0.000000
   1.9544278605e+00    1.8505318649e+00    2.5154169305e+00
LJ               0    1.000000    0.000000
   2.1726065999e+00    3.5371088782e+00   -1.5756644341e+00
LJ               0    1.000000    0.000000
  -2.4956291087e+00    6.0954893915e-01   -8.1346461861e-01
LJ               0    1.000000    0.000000
  -3.2325469982e+00    2.0415891023e+00    1.2537746147e+00
LJ               0    1.000000    0.000000
  -1.0038184877e+00    3.2706291363e+00   -1.6332185955e-01
LJ               0    1.000000    0.000000
  -1.7083392331e+00   -3.5553326042e+00   -1.5911579216e+00
LJ               0    1.000000    0.000000
   1.9884907844e+00    1.8397180730e+00   -1.7565233784e+00
LJ               0    1.000000    0.000000
  -5.8066969123e-01   -2.6357441061e+00    3.5431526354e+00
LJ               0    1.000000    0.000000
   4.4469878581e-01    2.1451681242e+00    1.5073970160e+00
LJ               0    1.000000    0.000000
   4.0834839580e-01   -2.0101360684e+00   -1.3021572318e+00
LJ               0    1.000000    0.000000
   2.9465345885e+00    3.2140465737e+00    2.1937907126e+00
LJ               0    1.000000    0.000000
   6.1503848118e-01   -2.8221813647e+00    3.7163388673e+00
LJ               0    1.000000    0.000000
   2.1288422021e+00    2.1477826801e+00    5.4659666334e-01
LJ               0    1.000000    0.000000
   6.8815333437e-02   -1.9275558984e+00    2.1356784278e+00
LJ               0    1.000000    0.000000
   3.7476166028e+00    1.7773780119e+00   -2.9963138773e+00
LJ               0    1.000000    0.000000
   2.1258959997e+00    2.5634243448e+00   -3.1125466972e+00
LJ               0    1.000000    0.000000
   4.7661714718e-01    2.0690925641e+00   -9.1330469529e-01
LJ               0    1.000000    0.000000
  -8.3904746806e-01   -1.2665539031e+00    1.4516085426e+00
LJ               0    1.000000    0.000000
   1.4164096932e+00    3.2587284048e+00   -2.7360573691e+00
LJ               0    1.000000    0.000000
   2.7970068538e+00    1.0583991846e+00    8.6593186018e-01
LJ               0    1.000000    0.000000
   2.3392492234e+00    3.3034919735e+00   -4.6758005306e-01
LJ               0    1.000000    0.000000
   3.4207079592e+00    1.3610504932e+00   -4.0299101282e-01
LJ               0    1.000000    0.000000
  -3.7134112978e+00    8.3774154253e-01   -3.2984408038e+00
LJ               0    1.000000    0.000000
   3.3850632126e-01   -1.0301535297e+00    1.3863447637e+00
LJ               0    1.000000    0.000000
  -3.7567265990e+00    1.1788421855e+00    1.2118319873e+00
LJ               0    1.000000    0.000000
   2.0619620656e+00   -2.2663807864e+00    3.0455153553e+00
LJ               0    1.000000    0.000000
  -3.4015498314e+00   -7.6867687875e-01   -1.5953078072e-01
LJ               0    1.000000    0.000000
  -2.9496762453e+00    1.1407802502e+00    8.4221287544e-01
LJ               0    1.000000    0.000000
   5.7616919516e-01    3.0979655704e+00    1.6008022190e+00
LJ               0    1.000000    0.000000
   3.7026773045e+00    6.9404043925e-01    3.3749764552e-01
