60000 1
500
5429 6.12303176911e-37 6.12303176911e-37 
0 5429 6.12303176911e-37 
0 0 5429 
58948.082 6.12303176911e-37 6.12303176911e-37 
0 58948.082 6.12303176911e-37 
0 0 58948.082 
120285.915888 5730.15654427 111228.2795
118091.787847 766590.898343 -648499.110496
-648499.110496 0 0
0 0 0
190071.704273 0
190071.704273 0 0
0 0 0
28968988.7127 67316.5537949 24743737.1828
2017975089.69 1176606093 841368996.698
841368996.698 0 0
0 0 0
159860635.92 0
159860635.92 0 0
0 0 0
120285.915888 6541.06595986 0
766590.898343 766590.898343 0
0 0 0
0 0 0
0 0
0 0 0
0 0 0
28968988.7127 85664.4898529 0
1176606093 1176606093 0
0 0 0
0 0 0
0 0
0 0 0
0 0 0
0 0 0
0 0 0
0 0 0
0 0 0
0 0 0
0 0 0
364500 
256000 
466191.380279 
6197860.09033 
0 0 0 0 0 0 0 0 0 0 
0 0 0 0 0 0 0 0 0 0 
0 0 0 0 0 0 0 0 0 0 
0 0 0 0 0 0 0 0 0 0 
0 0 0 0 0 0 0 0 0 0 
0 0 0 0 0 0 0 0 0 0 
0 0 0 0 0 0 0 0 0 0 
0 0 0 0 0 0 0 0 0 0 
0 0 0 0 0 0 0 0 0 0 
1 11 157 1128 4705 10881 14784 12061 6716 4336 
3513 3142 2805 2522 2380 2211 2081 1942 1808 1687 
1642 1570 1432 1438 1354 1265 1253 1188 1190 1103 
1147 1051 999 1000 946 971 949 888 896 805 
826 797 795 823 706 777 771 759 743 741 
639 671 658 632 665 622 672 593 582 527 
555 544 533 586 491 559 549 538 502 549 
457 478 508 466 485 462 454 442 469 438 
468 381 431 438 390 411 358 436 386 422 
403 390 365 386 404 389 378 361 384 334 
394 331 343 370 346 320 341 367 385 346 
0 0 0 0 0 0 0 0 0 0 
0 0 0 0 0 0 0 0 0 0 
0 0 0 0 0 0 0 0 0 0 
0 0 0 0 0 0 0 0 0 0 
0 0 0 0 0 0 0 0 0 0 
0 0 0 0 0 0 0 0 0 0 
0 0 0 0 0 0 0 0 0 0 
0 0 0 0 0 0 0 0 0 0 
0 0 0 0 0 0 0 0 0 2 
35 487 4354 19855 49523 71515 60747 30452 10647 3951 
2017 1053 648 325 166 97 55 40 19 7 
3 1 0 0 0 0 1 0 0 0 
0 0 0 0 0 0 0 0 0 0 
0 0 0 0 0 0 0 0 0 0 
0 0 0 0 0 0 0 0 0 0 
0 0 0 0 0 0 0 0 0 0 
0 0 0 0 0 0 0 0 0 0 
0 0 0 0 0 0 0 0 0 0 
0 0 0 0 0 0 0 0 0 0 
0 0 0 0 0 0 0 0 0 0 
