LJ 512 particles epsilon = 1; sigma = 1                         
        0         1       
        7.528               0.000000000         0.000000000
        0.000000000         7.528               0.000000000
        0.000000000         0.000000000         7.528
LJ               0    1.000000    0.000000
  -7.3027138215e-01   -7.1648405619e+00   -9.4169504844e+00
LJ               0    1.000000    0.000000
  -1.0028329367e+01    1.9229343295e+00    3.5501076040e+00
LJ               0    1.000000    0.000000
  -7.5970489529e+00   -3.6521618357e+00   -1.4704218550e+00
LJ               0    1.000000    0.000000
  -5.5530023188e+00   -7.5292418998e+00   -7.9959726914e+00
LJ               0    1.000000    0.000000
  -2.9253379098e+00   -1.0064971553e+01   -3.5203538686e-01
LJ               0    1.000000    0.000000
  -9.8434456662e-01   -1.1468262468e+01   -2.9987956857e+00
LJ               0    1.000000    0.000000
  -1.1503797931e+01   -7.8916227535e+00   -2.0861163720e+00
LJ               0    1.000000    0.000000
  -3.8449549281e+00    3.9566671661e-01   -1.5453597433e+00
LJ               0    1.000000    0.000000
   2.3139480068e+00   -5.2476219934e+00   -7.9803136436e+00
LJ               0    1.000000    0.000000
   1.3625467998e+00   -5.8562802881e+00    1.9179627813e+00
LJ               0    1.000000    0.000000
  -6.2509586084e+00   -3.8774582000e+00   -4.1155378687e+00
LJ               0    1.000000    0.000000
  -6.5266757099e+00   -7.1833762474e+00   -4.3705296792e+00
LJ               0    1.000000    0.000000
   9.9385208532e+00   -2.3226469476e+00   -5.5537358731e+00
LJ               0    1.000000    0.000000
  -2.0877581381e+00   -5.1879957667e+00   -4.7251441325e+00
LJ               0    1.000000    0.000000
  -4.1664844556e+00   -2.9812251727e+00   -1.1322719847e+01
LJ               0    1.000000    0.000000
   1.9926087428e+00   -5.3418232110e-01   -5.8285067681e+00
LJ               0    1.000000    0.000000
  -1.9582912775e+00   -5.1160550126e+00   -2.6486314030e+00
LJ               0    1.000000    0.000000
   4.4053118425e+00   -3.0362636313e+00    1.2004063096e+00
LJ               0    1.000000    0.000000
   4.3775351347e+00    4.8485228645e-01   -4.4275217871e+00
LJ               0    1.000000    0.000000
   1.6484045426e+00    2.8308737804e+00    3.1900409470e+00
LJ               0    1.000000    0.000000
   1.9294324158e+00    1.0597713274e+00   -2.0552224417e+00
LJ               0    1.000000    0.000000
   2.9736323236e+00    1.3529259695e+00   -3.6395800506e+00
LJ               0    1.000000    0.000000
   1.8511692847e+00   -6.6931645113e+00   -8.6121911932e+00
LJ               0    1.000000    0.000000
   4.6121528113e+00   -1.0592909772e+01   -1.5935842783e+00
LJ               0    1.000000    0.000000
  -9.9776486542e+00   -3.6394892938e-01   -1.0326752377e+01
LJ               0    1.000000    0.000000
  -3.8676581118e+00   -1.1420752784e+00   -5.9545717114e+00
LJ               0    1.000000    0.000000
  -8.4823184383e+00   -3.5997633165e+00   -1.0430628020e+00
LJ               0    1.000000    0.000000
  -1.7108021330e+00   -1.6713667567e+00   -4.8581098255e+00
LJ               0    1.000000    0.000000
  -7.5184998166e+00   -7.4708452761e+00   -6.5246864163e+00
LJ               0    1.000000    0.000000
   2.3371821648e+00   -2.3088703199e+00   -2.4456913212e+00
LJ               0    1.000000    0.000000
  -9.1893559043e+00   -3.4847304067e+00   -5.9262779331e+00
LJ               0    1.000000    0.000000
  -6.5608057100e+00   -7.6209786512e-01   -3.8572674780e+00
LJ               0    1.000000    0.000000
  -8.7766014742e+00   -2.4094493458e+00   -4.5426847038e+00
LJ               0    1.000000    0.000000
  -2.8383874590e+00   -5.2579420798e+00   -3.0466643234e+00
LJ               0    1.000000    0.000000
  -2.4569668415e+00   -4.9215392867e+00   -1.2142590269e+00
LJ               0    1.000000    0.000000
  -2.5418291997e+00   -4.3692316749e+00   -3.4468388576e-01
LJ               0    1.000000    0.000000
  -8.0584329021e+00   -8.0644584109e+00   -4.7497335642e+00
LJ               0    1.000000    0.000000
   4.1951505300e-01    4.6370510931e+00   -8.2514948336e-01
LJ               0    1.000000    0.000000
   2.6086907150e+00   -4.7618149877e+00    1.2227728314e+00
LJ               0    1.000000    0.000000
  -3.6979286086e+00   -3.9523052755e-01   -6.5307055120e+00
LJ               0    1.000000    0.000000
   3.3492758053e+00   -1.0590905277e+01   -1.4003221554e+01
LJ               0    1.000000    0.000000
  -1.0296127133e+00   -8.0242031825e+00   -1.6946590775e+00
LJ               0    1.000000    0.000000
  -9.0004251934e-02   -4.1147581826e+00   -6.9914022524e-01
LJ               0    1.000000    0.000000
   5.5145945000e+00    1.3700651264e+00   -8.2909974838e+00
LJ               0    1.000000    0.000000
   3.0378251821e+00   -6.2629649854e+00   -5.3178364781e+00
LJ               0    1.000000    0.000000
   1.6525019762e+00   -3.3746771680e+00   -2.5152538381e+00
LJ               0    1.000000    0.000000
   9.0195291990e+00    7.3175735257e-02   -3.5545791197e+00
LJ               0    1.000000    0.000000
   4.2353893357e+00   -3.9380909964e+00   -9.7078062986e+00
LJ               0    1.000000    0.000000
  -9.0946171368e+00   -1.1122033915e+00   -2.2012859950e+00
LJ               0    1.000000    0.000000
  -6.9076445725e+00   -1.7576790740e+00   -6.1716559592e+00
LJ               0    1.000000    0.000000
   2.5213618694e+00   -2.3858762424e+00   -1.1380274290e+01
LJ               0    1.000000    0.000000
  -7.9422092800e+00   -1.8543810753e+00   -4.4053324424e+00
LJ               0    1.000000    0.000000
   5.5757021787e-02   -8.5729944175e+00   -1.2894985411e+00
LJ               0    1.000000    0.000000
  -8.5130203505e-01   -4.9582882060e+00    5.9845825482e-01
LJ               0    1.000000    0.000000
   4.9641865977e+00    2.1539787503e+00   -7.7948308092e+00
LJ               0    1.000000    0.000000
  -2.2210952544e+00   -2.6574499027e+00   -9.6134845717e+00
LJ               0    1.000000    0.000000
  -5.4982784636e+00   -2.5646097574e+00   -8.0377452764e+00
LJ               0    1.000000    0.000000
  -2.0692659521e+00    9.6802348310e-01   -5.1356470142e+00
LJ               0    1.000000    0.000000
   8.6257007834e+00   -2.2052940239e+00   -1.8916692061e+00
LJ               0    1.000000    0.000000
   3.4774669233e+00   -1.2073495104e+00   -1.0117830812e+01
LJ               0    1.000000    0.000000
  -5.5446054462e+00    3.4243695672e-01   -4.4020905955e+00
LJ               0    1.000000    0.000000
   3.9647148879e+00    5.3709920724e+00   -6.1480755278e+00
LJ               0    1.000000    0.000000
  -4.3538973726e-01    1.9682270582e+00   -6.1072771546e+00
LJ               0    1.000000    0.000000
   1.4819888408e+00    1.9120888850e+00   -2.4012673270e+00
LJ               0    1.000000    0.000000
  -1.9011241336e+00   -3.9669264727e+00   -1.0905569140e+01
LJ               0    1.000000    0.000000
  -3.6359813043e+00   -3.6233611628e+00   -5.7709497285e+00
LJ               0    1.000000    0.000000
  -3.3824729121e+00    2.3651343067e+00   -8.5995807953e+00
LJ               0    1.000000    0.000000
   3.2235953847e+00   -1.7213866874e+00   -5.3437568557e+00
LJ               0    1.000000    0.000000
   1.6973400847e+00   -9.2884854564e+00   -6.1169755456e+00
LJ               0    1.000000    0.000000
   5.4956973327e+00    2.7583172137e+00   -3.6688520453e+00
LJ               0    1.000000    0.000000
   7.0445626775e+00    2.5273743646e-01   -5.3775385974e+00
LJ               0    1.000000    0.000000
   7.7286896588e+00    3.6322646761e-01   -4.6416669139e+00
LJ               0    1.000000    0.000000
  -1.8020677229e+00    5.7614158674e+00    1.7746331343e+00
LJ               0    1.000000    0.000000
   5.9795299602e+00   -5.4738271482e+00   -8.9705871505e+00
LJ               0    1.000000    0.000000
  -1.4409038191e+00    7.5926558264e+00    7.3160479263e-01
LJ               0    1.000000    0.000000
  -8.1277131662e+00   -2.7409246102e+00   -8.8712930567e+00
LJ               0    1.000000    0.000000
  -3.7466212197e+00    2.7956428474e+00   -5.7267615426e+00
LJ               0    1.000000    0.000000
  -1.1261989116e+00    1.2675346877e+00   -1.5035248432e+00
LJ               0    1.000000    0.000000
  -5.8153691481e+00    2.8806828731e+00   -2.2633975966e+00
LJ               0    1.000000    0.000000
  -2.8169895671e+00    2.7810949966e+00   -2.0769443876e+00
LJ               0    1.000000    0.000000
  -4.9511592986e+00    7.8751493103e+00   -7.2107035573e+00
LJ               0    1.000000    0.000000
   6.6062262322e-01   -4.0703984014e+00    5.3749026214e+00
LJ               0    1.000000    0.000000
   9.4190675943e-02    1.3670351572e+00   -6.6921524851e+00
LJ               0    1.000000    0.000000
  -2.4092924111e+00   -3.0881017509e+00   -7.1076176972e+00
LJ               0    1.000000    0.000000
  -7.8608620763e+00   -5.8172368763e-03   -1.0506103942e+01
LJ               0    1.000000    0.000000
   6.4537276355e+00   -9.5808745228e-01   -7.0760565367e+00
LJ               0    1.000000    0.000000
  -2.6716607244e+00   -1.5611986624e+00   -7.8634324607e+00
LJ               0    1.000000    0.000000
   9.8948398452e-01    1.1976421517e+00   -3.7473906718e+00
LJ               0    1.000000    0.000000
   4.8231746339e+00    1.7025008659e+00   -8.7958300622e+00
LJ               0    1.000000    0.000000
  -7.1632218445e+00    4.8566911866e+00   -6.2242157252e+00
LJ               0    1.000000    0.000000
  -4.9642988625e-01    4.1568947208e+00   -5.7904555188e+00
LJ               0    1.000000    0.000000
  -1.4058848317e+00    7.8596932601e-01   -2.4739326892e+00
LJ               0    1.000000    0.000000
  -5.6814892962e+00    7.1689988604e+00   -6.8740904651e+00
LJ               0    1.000000    0.000000
   5.2317672462e+00    4.8915422554e+00   -6.1520034733e+00
LJ               0    1.000000    0.000000
   2.5515986073e+00   -4.0633352390e+00   -2.5416004504e+00
LJ               0    1.000000    0.000000
   1.3908254946e+01    3.3681965640e+00   -3.9657175175e+00
LJ               0    1.000000    0.000000
  -5.7344347946e+00   -6.2454270637e-01   -4.7435643510e+00
LJ               0    1.000000    0.000000
  -3.1366555029e-01   -2.4474395170e+00   -3.5527049158e-01
LJ               0    1.000000    0.000000
  -6.4265133211e+00    2.6795032857e+00   -1.1106363261e+01
LJ               0    1.000000    0.000000
  -4.6822863276e+00    2.4771940414e+00   -5.3025236860e+00
LJ               0    1.000000    0.000000
  -6.7089251012e+00    9.1342804245e-01   -5.1479844351e+00
LJ               0    1.000000    0.000000
  -7.8571784244e-01    6.7095956679e-01   -6.3364823514e+00
LJ               0    1.000000    0.000000
  -1.5234693481e+00   -2.0238040205e+00   -9.3044849637e+00
LJ               0    1.000000    0.000000
  -5.8598367595e+00   -1.5103832182e+00   -2.2376873329e+00
LJ               0    1.000000    0.000000
  -3.4736851990e+00    4.0877489999e-01   -8.1257289418e+00
LJ               0    1.000000    0.000000
  -3.4360372254e+00   -1.2900430519e+00   -4.0995726626e+00
LJ               0    1.000000    0.000000
   3.3654598336e+00   -2.6744545773e+00   -5.5772064475e+00
LJ               0    1.000000    0.000000
  -4.4055760021e+00    5.7976506015e+00   -1.0637655608e+00
LJ               0    1.000000    0.000000
   3.1724534452e+00    3.1693494424e+00   -1.0764331763e+01
LJ               0    1.000000    0.000000
   1.0759213613e+00    2.5786360386e+00   -5.3183904738e+00
LJ               0    1.000000    0.000000
   4.3647889273e+00    3.6678377345e+00   -4.2715020612e+00
LJ               0    1.000000    0.000000
   2.7315595500e+00   -1.2567905662e+00   -6.0757710883e+00
LJ               0    1.000000    0.000000
   7.5696585271e-02    1.1791387393e+00   -1.4183541778e+00
LJ               0    1.000000    0.000000
   8.9835519506e+00    5.9822192370e+00   -4.3714186349e+00
LJ               0    1.000000    0.000000
   1.2817525428e+00    4.6101309761e-01   -9.3472249320e+00
LJ               0    1.000000    0.000000
   2.8887137762e+00    4.4769643892e-01   -6.5416955975e-01
LJ               0    1.000000    0.000000
  -3.2953622160e+00    4.0628016372e+00   -6.6429201322e-01
LJ               0    1.000000    0.000000
   3.1513584231e+00    2.9875373193e+00   -7.9096240455e-01
LJ               0    1.000000    0.000000
   4.4386471882e+00   -2.9103134632e+00   -1.1673657203e+01
LJ               0    1.000000    0.000000
   1.5858753943e+00    6.7972176879e+00   -2.9012579568e+00
LJ               0    1.000000    0.000000
  -4.1863443625e+00    4.3350284931e-01   -5.7552645114e+00
LJ               0    1.000000    0.000000
   7.9970663680e+00    6.9358550259e+00   -3.0693731674e+00
LJ               0    1.000000    0.000000
  -5.7698049315e+00    3.6738707397e+00   -6.2027901380e+00
LJ               0    1.000000    0.000000
  -5.5884504502e+00   -2.3776643613e+00   -7.0759314344e+00
LJ               0    1.000000    0.000000
   8.7557968498e-01    2.6534635139e+00   -1.6295890629e+00
LJ               0    1.000000    0.000000
  -3.1016368260e+00    3.3898958170e+00   -5.1571245001e+00
LJ               0    1.000000    0.000000
  -1.9370343472e+00    5.6887443362e+00   -6.8055433602e+00
LJ               0    1.000000    0.000000
  -3.9430417859e+00    2.6718068874e+00   -6.7525941898e+00
LJ               0    1.000000    0.000000
   6.8171997759e+00    1.5423280527e+00   -7.0856142516e+00
LJ               0    1.000000    0.000000
   4.7384687559e-01    3.4516213811e+00   -3.2515494447e+00
LJ               0    1.000000    0.000000
   2.4926894342e+00    1.1601464852e+00   -7.6246822964e+00
LJ               0    1.000000    0.000000
  -3.9038142292e+00    5.2479947949e+00   -7.0653712546e+00
LJ               0    1.000000    0.000000
  -4.1217015409e+00    4.1192136169e+00   -8.7921581971e+00
LJ               0    1.000000    0.000000
  -1.1950020657e+00   -9.1132616053e-01   -8.6796613518e-01
LJ               0    1.000000    0.000000
   8.8805440734e+00   -4.3770625192e-01   -1.1515374123e+00
LJ               0    1.000000    0.000000
   7.6210766219e+00    2.2899321328e+00   -7.0590608075e+00
LJ               0    1.000000    0.000000
   5.6947569253e+00   -2.2920863261e+00   -7.7928283720e+00
LJ               0    1.000000    0.000000
  -5.0213410612e+00    4.2540572478e+00   -7.7254803688e-01
LJ               0    1.000000    0.000000
   7.1133689219e+00    2.5734613764e+00   -5.3243133256e+00
LJ               0    1.000000    0.000000
   5.7428702858e+00   -3.6978017244e+00    1.1533499182e-01
LJ               0    1.000000    0.000000
   3.6148341047e+00    1.0780668738e+00   -4.5262580779e+00
LJ               0    1.000000    0.000000
   5.7564801588e-01    1.6058406638e-01   -8.8133948330e+00
LJ               0    1.000000    0.000000
  -3.0668327289e+00   -9.2431796009e-01    5.3709788937e+00
LJ               0    1.000000    0.000000
   1.0471475329e+01    1.0119463718e+01   -2.4744796858e+00
LJ               0    1.000000    0.000000
  -2.6109179998e+00   -3.9650141050e+00   -1.2777157610e+00
LJ               0    1.000000    0.000000
  -7.3271446718e+00    1.9895463660e+00    5.5564373712e+00
LJ               0    1.000000    0.000000
  -1.0567044352e+00   -2.9652311584e+00    5.4901039125e+00
LJ               0    1.000000    0.000000
  -3.3710082611e-01   -7.7954946794e+00   -9.5208914300e-01
LJ               0    1.000000    0.000000
  -4.5630484087e+00   -5.2771919784e+00   -3.5223415495e+00
LJ               0    1.000000    0.000000
  -3.1616221531e+00   -8.8039499339e+00    2.3273197491e+00
LJ               0    1.000000    0.000000
   6.0025895417e+00   -6.8518885783e+00   -1.9124431033e-01
LJ               0    1.000000    0.000000
   3.4071053406e+00   -2.0608440798e-01    2.3689433279e-03
LJ               0    1.000000    0.000000
  -2.4799353616e+00   -5.7680400036e+00    7.4620255953e-01
LJ               0    1.000000    0.000000
  -1.7548710999e+00   -7.1368577574e-01   -3.4490966947e+00
LJ               0    1.000000    0.000000
  -1.8776513828e-01    1.0025462394e+00    1.7955087401e+00
LJ               0    1.000000    0.000000
   8.4747804319e-01   -1.0734341728e+01   -1.6295977736e+00
LJ               0    1.000000    0.000000
   3.3845917546e+00   -2.0329700074e+00   -9.5809553794e+00
LJ               0    1.000000    0.000000
   2.4396532853e+00   -3.8226158059e+00   -3.5035920591e+00
LJ               0    1.000000    0.000000
  -3.6358625250e-01   -1.1023650376e+01    1.1200500108e-01
LJ               0    1.000000    0.000000
  -6.0231781716e+00    1.8731608250e+00   -3.3565052828e+00
LJ               0    1.000000    0.000000
  -3.8433322672e+00   -4.8953063832e+00   -4.6020951646e+00
LJ               0    1.000000    0.000000
   3.4574193683e+00    1.0802388339e-01    2.7783345340e+00
LJ               0    1.000000    0.000000
   2.4818552483e+00   -7.1805409645e+00   -5.2164959347e+00
LJ               0    1.000000    0.000000
   2.3613145313e+00   -5.9383609833e+00    1.7637491255e+00
LJ               0    1.000000    0.000000
   2.9544931353e+00    4.5841308512e-01   -1.1519067873e+01
LJ               0    1.000000    0.000000
   6.8739580512e+00   -5.9753922638e+00   -4.0306824456e+00
LJ               0    1.000000    0.000000
   5.8876423094e-01   -6.9986316650e+00   -3.2276467541e+00
LJ               0    1.000000    0.000000
   1.8283647545e+00   -2.9019199020e+00   -1.7699852182e+00
LJ               0    1.000000    0.000000
   3.3716546317e+00    2.3305699678e+00    5.9431613491e+00
LJ               0    1.000000    0.000000
  -2.2864541141e+00    1.8279427349e-01   -4.1928758613e+00
LJ               0    1.000000    0.000000
   5.7881889037e+00   -3.3177121496e+00   -2.6564164930e+00
LJ               0    1.000000    0.000000
  -2.8294653209e+00   -6.7375516520e-01    1.5010275155e+00
LJ               0    1.000000    0.000000
  -1.2282852209e+00    1.3472521050e+00    1.9622994787e+00
LJ               0    1.000000    0.000000
  -2.5829095276e+00   -3.5239460223e+00    1.7954756446e+00
LJ               0    1.000000    0.000000
  -1.1939556527e+00   -7.9221408362e-01   -5.4089951460e+00
LJ               0    1.000000    0.000000
   8.0039785132e-01    2.5739620782e+00   -2.6247744372e+00
LJ               0    1.000000    0.000000
  -1.0876240788e+00   -1.1737732753e+00   -4.2467072197e+00
LJ               0    1.000000    0.000000
  -6.2709892612e+00    5.1044136676e+00   -9.8776798194e-01
LJ               0    1.000000    0.000000
  -1.2504456247e+00   -2.1137813489e-01   -2.7983656843e+00
LJ               0    1.000000    0.000000
   3.8947021740e+00   -3.7797382596e+00   -1.1042690087e+01
LJ               0    1.000000    0.000000
  -1.5372158404e+00   -2.6870381668e+00   -1.0719483948e+00
LJ               0    1.000000    0.000000
   1.5865412623e+00    2.5710429613e+00   -6.3071121641e+00
LJ               0    1.000000    0.000000
  -4.1872749136e+00    6.6321440142e+00   -8.1464831759e+00
LJ               0    1.000000    0.000000
  -1.5663875365e+00    2.1871314750e-01   -5.8134899815e+00
LJ               0    1.000000    0.000000
  -1.3858208929e+00    1.7576279578e+00   -9.8844527295e+00
LJ               0    1.000000    0.000000
   5.4265977922e+00   -4.1635985518e+00   -1.0025802027e+01
LJ               0    1.000000    0.000000
   5.4565718838e-01   -3.6457642554e+00   -7.6627827918e+00
LJ               0    1.000000    0.000000
   4.5049886452e+00    1.2093700393e+00   -4.7514210390e-01
LJ               0    1.000000    0.000000
   5.4087510705e+00    3.4708260214e+00    3.2104856346e+00
LJ               0    1.000000    0.000000
   6.4172475660e+00   -1.2139522146e+00   -3.0609540892e+00
LJ               0    1.000000    0.000000
   2.0810290190e+00   -4.5352594711e+00   -5.4507231742e+00
LJ               0    1.000000    0.000000
   3.3377097174e+00   -4.2713797491e+00   -9.5562056061e+00
LJ               0    1.000000    0.000000
  -1.0975956007e+01   -5.4794217187e+00    1.6184894846e-01
LJ               0    1.000000    0.000000
  -3.6433370974e-01    3.2274882640e+00   -4.5276904656e+00
LJ               0    1.000000    0.000000
  -9.7271905686e-01   -2.0125131306e+00   -7.1565010212e+00
LJ               0    1.000000    0.000000
   6.9236413761e-01   -5.8001922313e+00    7.5188920556e+00
LJ               0    1.000000    0.000000
   3.8384190353e-01    1.8637641925e+00   -5.3074786570e+00
LJ               0    1.000000    0.000000
  -2.3737722758e+00   -7.5159601870e+00    1.0241581180e+00
LJ               0    1.000000    0.000000
   3.5316106657e+00    7.8247474954e-01   -2.5673284802e+00
LJ               0    1.000000    0.000000
  -2.1033235214e+00    1.8204869081e+00   -5.6847597410e+00
LJ               0    1.000000    0.000000
  -2.8418045758e+00   -3.3326945208e+00   -2.6335077586e+00
LJ               0    1.000000    0.000000
  -3.7477792464e+00    2.8180019155e+00   -2.5819436207e+00
LJ               0    1.000000    0.000000
  -1.0450235359e+00   -1.8386088164e+00   -8.2669885131e+00
LJ               0    1.000000    0.000000
  -4.4494652822e+00   -9.3013364157e-01   -3.5744250534e+00
LJ               0    1.000000    0.000000
  -1.7372653806e+00   -4.0938776569e+00   -7.7280237391e-01
LJ               0    1.000000    0.000000
  -1.7958040328e+00   -8.2706636673e+00    1.2167341186e+00
LJ               0    1.000000    0.000000
  -1.0431967212e+00    8.8244130157e+00   -3.2124341567e+00
LJ               0    1.000000    0.000000
   3.2488499508e+00   -5.4849148614e+00   -6.1318184007e+00
LJ               0    1.000000    0.000000
  -4.2344936325e+00   -7.7425315488e+00   -1.0543418395e+01
LJ               0    1.000000    0.000000
   4.0887572767e+00   -6.8229615161e+00   -5.2488737952e+00
LJ               0    1.000000    0.000000
   3.0108642467e-01   -2.3193627636e+00   -3.0171116182e+00
LJ               0    1.000000    0.000000
  -2.3596887013e+00    6.1383334289e+00   -1.0439103348e+01
LJ               0    1.000000    0.000000
   8.4386557078e+00   -1.4354824018e+00   -1.0411125989e+01
LJ               0    1.000000    0.000000
   8.6537363371e+00   -2.2239273892e+00    2.1396263893e+00
LJ               0    1.000000    0.000000
   5.4049017778e+00   -4.0024144160e+00   -1.4111464161e+01
LJ               0    1.000000    0.000000
   1.8585701602e+00    7.6164366228e+00    5.0437900255e+00
LJ               0    1.000000    0.000000
   8.7385748949e-01    3.0857310363e+00    5.8012298935e-01
LJ               0    1.000000    0.000000
  -8.2439540987e+00    4.3376590647e+00   -4.5725910579e+00
LJ               0    1.000000    0.000000
  -3.0106000658e+00   -4.7717495100e-01   -4.6090282975e+00
LJ               0    1.000000    0.000000
  -4.6706343948e-01    2.0325085536e+00   -1.3153836039e+00
LJ               0    1.000000    0.000000
  -9.0627411796e+00   -5.5656396660e+00   -3.6768073269e+00
LJ               0    1.000000    0.000000
   7.4254596190e+00    6.2121517187e+00    4.2865744068e+00
LJ               0    1.000000    0.000000
  -6.9858394428e+00    2.9886108734e+00    3.2769334785e+00
LJ               0    1.000000    0.000000
  -9.4794386240e+00   -9.1232811368e+00    6.5400347487e+00
LJ               0    1.000000    0.000000
   5.8950554467e-01    2.8053385561e+00   -3.0889784164e-01
LJ               0    1.000000    0.000000
  -1.2373192134e-01    1.5196375548e+00   -3.9557961326e-01
LJ               0    1.000000    0.000000
  -1.9610073625e+00   -2.7601543876e+00    2.3358663815e+00
LJ               0    1.000000    0.000000
   1.8885213936e+00   -6.4837499739e+00   -6.4401512865e+00
LJ               0    1.000000    0.000000
   2.2196849472e+00    1.2045612860e-01   -8.9285757759e+00
LJ               0    1.000000    0.000000
  -4.1198224198e-02   -5.3355892595e+00   -1.2029702541e+01
LJ               0    1.000000    0.000000
   9.0270668498e+00    5.0291055084e+00   -3.9473950187e+00
LJ               0    1.000000    0.000000
   2.3871359416e+00    1.7567581350e+00   -2.9632239705e+00
LJ               0    1.000000    0.000000
   3.2585128565e+00    3.8880394435e+00   -7.8090138343e+00
LJ               0    1.000000    0.000000
   6.1080132210e-02    6.4913927985e+00   -4.2155756456e+00
LJ               0    1.000000    0.000000
   7.7474827290e+00    7.3746337095e+00   -3.8254340734e+00
LJ               0    1.000000    0.000000
  -5.7678683913e+00    4.4401731599e+00   -5.5225778711e+00
LJ               0    1.000000    0.000000
   2.7934834447e+00    4.7971651183e+00   -7.3216239474e+00
LJ               0    1.000000    0.000000
   2.3842015181e+00   -2.8531299634e+00   -6.3573497069e+00
LJ               0    1.000000    0.000000
  -1.1992230970e+00    4.9823946080e+00   -5.8429560595e+00
LJ               0    1.000000    0.000000
   5.1739223348e+00    1.0031841780e+00    1.8546045713e-01
LJ               0    1.000000    0.000000
  -2.4681788228e+00    8.1459604526e+00   -2.4016620352e+00
LJ               0    1.000000    0.000000
  -1.5748948623e+00    4.1998820723e+00   -4.6422746476e+00
LJ               0    1.000000    0.000000
  -6.6505256487e+00    1.2106640602e+00   -8.5425733200e-01
LJ               0    1.000000    0.000000
  -1.3839054590e+01   -4.0378844386e+00   -5.1662238988e+00
LJ               0    1.000000    0.000000
  -5.2618926276e+00   -9.0689082773e-01   -9.5652470589e-01
LJ               0    1.000000    0.000000
  -6.4948412035e+00   -1.3381445074e+00   -7.9508152270e-01
LJ               0    1.000000    0.000000
  -5.9748457062e+00    4.2623430486e+00   -3.4164346953e+00
LJ               0    1.000000    0.000000
  -5.5112296200e-01    6.6660112439e+00    5.1456783051e+00
LJ               0    1.000000    0.000000
  -2.3466847160e+00    1.7399214577e+00   -9.8368680892e+00
LJ               0    1.000000    0.000000
  -9.2639474943e+00    2.5363599431e+00   -5.3033499303e-01
LJ               0    1.000000    0.000000
  -2.1273397767e+00   -2.4353666993e+00    3.3186971153e+00
LJ               0    1.000000    0.000000
   8.8669743916e-01    7.5090027652e+00   -2.5200262154e+00
LJ               0    1.000000    0.000000
   5.7040980465e-01   -6.8419297178e-01    1.4286796781e+00
LJ               0    1.000000    0.000000
   4.7667461468e+00    2.8448885654e+00    5.0011798728e-01
LJ               0    1.000000    0.000000
   5.8243512388e-02   -2.7959565563e-01   -2.0135979556e+00
LJ               0    1.000000    0.000000
   2.7798254401e+00    4.3363502174e+00   -9.5791289597e+00
LJ               0    1.000000    0.000000
   6.0415910141e+00    4.4644529954e+00   -3.5706070504e+00
LJ               0    1.000000    0.000000
  -2.6331264479e+00   -8.7093840262e-01   -3.6941688338e+00
LJ               0    1.000000    0.000000
   2.6628337289e+00    5.8933021925e+00   -1.0790892206e+01
LJ               0    1.000000    0.000000
   6.9589468436e-01   -6.2903880602e-01   -4.7491229801e+00
LJ               0    1.000000    0.000000
  -2.1059857870e+00   -7.6543077725e+00    4.8908196283e-02
LJ               0    1.000000    0.000000
   2.5897394437e+00   -8.0355703333e-01    2.8909008318e-02
LJ               0    1.000000    0.000000
   4.6962272654e+00    2.6977490200e+00   -4.2835274155e+00
LJ               0    1.000000    0.000000
   2.2238836170e-01    5.1457741025e-01   -2.7886955285e-01
LJ               0    1.000000    0.000000
  -4.6516441515e+00   -4.0297044721e-01   -5.5461615521e+00
LJ               0    1.000000    0.000000
   1.4866856133e+00    1.1148817486e+01   -1.6776154639e+00
LJ               0    1.000000    0.000000
  -3.5299140986e-01    2.0615611231e+00   -2.9043755856e+00
LJ               0    1.000000    0.000000
  -7.6491539266e+00    3.0042996364e+00   -2.6153640568e+00
LJ               0    1.000000    0.000000
   2.8580688200e+00   -3.8188525012e+00    1.6022754039e+00
LJ               0    1.000000    0.000000
  -9.1862388957e+00    9.4891478105e-01   -4.0080277275e+00
LJ               0    1.000000    0.000000
  -2.1922184573e+00    8.4812631151e+00   -1.5692189291e+00
LJ               0    1.000000    0.000000
   2.6720395103e+00    7.0785675091e+00   -4.4217975706e+00
LJ               0    1.000000    0.000000
  -2.1966129879e+00    6.8733894809e+00   -1.5994386384e+00
LJ               0    1.000000    0.000000
  -3.9254404064e+00   -1.1751748396e+00   -9.1132641327e+00
LJ               0    1.000000    0.000000
   2.1129522774e-01    3.9103790726e+00   -6.5733128001e+00
LJ               0    1.000000    0.000000
   3.9376981302e+00    2.7925554718e+00   -3.6210377623e+00
LJ               0    1.000000    0.000000
  -5.9800177538e+00    1.3410808955e+00   -4.5018979570e+00
LJ               0    1.000000    0.000000
  -1.3162202257e-01    1.0784306317e+01    3.4821375885e-01
LJ               0    1.000000    0.000000
   5.2612588581e+00   -6.6054508029e-01   -8.2024249081e+00
LJ               0    1.000000    0.000000
  -1.0558972795e+00   -4.0117125867e+00   -2.0062144077e+00
LJ               0    1.000000    0.000000
  -6.6717307213e+00   -1.0283547824e+00   -1.8898183099e+00
LJ               0    1.000000    0.000000
  -5.9610205640e-01    8.5219322144e-01   -8.3816090944e+00
LJ               0    1.000000    0.000000
   8.3851902646e-01    3.6020621436e+00   -1.0027329994e+00
LJ               0    1.000000    0.000000
   1.0637462973e+01    1.8025758587e+00    3.9225052301e-01
LJ               0    1.000000    0.000000
   3.2991407312e-01    4.3545470372e+00    2.3058268847e+00
LJ               0    1.000000    0.000000
  -1.4360814841e+00    7.7352263902e+00   -1.0799745518e+00
LJ               0    1.000000    0.000000
   6.8502196400e+00   -2.7426249728e-01   -6.1497773532e+00
LJ               0    1.000000    0.000000
  -9.6413114897e-02    1.2580521324e+00   -3.3116762475e+00
LJ               0    1.000000    0.000000
  -1.1456728883e+00   -2.9847285845e+00   -3.1995986813e-02
LJ               0    1.000000    0.000000
  -3.6191262938e+00    1.7369221553e+00    3.7230525988e+00
LJ               0    1.000000    0.000000
   1.4072683893e+00    8.4985010230e-01    4.7401847062e+00
LJ               0    1.000000    0.000000
   2.7899676621e+00   -3.6913126599e+00    6.4064429964e-01
LJ               0    1.000000    0.000000
   1.9869585940e+00   -4.3720483502e+00    5.4255417717e-01
LJ               0    1.000000    0.000000
  -6.3510229621e+00   -8.7265913695e+00   -5.4146048873e+00
LJ               0    1.000000    0.000000
  -7.5349469512e-01   -1.5634126561e+00   -5.1821914763e+00
LJ               0    1.000000    0.000000
   4.5712413704e+00   -4.3081430797e+00    4.4867764719e+00
LJ               0    1.000000    0.000000
   2.4987196018e+00   -1.0594970067e+01    4.6806976951e+00
LJ               0    1.000000    0.000000
  -5.5751535717e+00   -1.0979069046e+01   -7.4581053423e+00
LJ               0    1.000000    0.000000
  -2.9629080010e+00   -7.4933635239e+00   -3.5084587056e+00
LJ               0    1.000000    0.000000
   6.2066731691e+00   -4.4471657417e+00   -6.1835152127e+00
LJ               0    1.000000    0.000000
   2.2411970269e-01    3.3697211218e+00   -5.3246552290e+00
LJ               0    1.000000    0.000000
   2.3592937167e-01   -6.3309381549e+00    3.2089708662e+00
LJ               0    1.000000    0.000000
   1.5082285205e+00   -5.0862471418e+00    1.4039002024e-01
LJ               0    1.000000    0.000000
   7.1684412072e+00   -3.5893814167e+00   -3.6705960102e+00
LJ               0    1.000000    0.000000
   3.8386329629e+00   -5.7224294842e+00    2.3468815259e+00
LJ               0    1.000000    0.000000
   3.7940115620e+00   -2.9058210208e+00   -2.1073557947e+00
LJ               0    1.000000    0.000000
  -2.1889701572e+00   -8.5778303042e+00    2.1982966740e+00
LJ               0    1.000000    0.000000
   2.2142631158e+00   -3.1119664276e+00   -4.2533113843e+00
LJ               0    1.000000    0.000000
   2.5717762089e+00   -8.1773061516e-01    4.8230629123e+00
LJ               0    1.000000    0.000000
   2.1240954848e+00    2.0477569735e+00    3.5362650980e+00
LJ               0    1.000000    0.000000
   2.7185591599e+00   -3.2122447118e+00    2.4287728459e+00
LJ               0    1.000000    0.000000
   5.5770268531e+00    3.4249865812e-01   -3.1570751994e+00
LJ               0    1.000000    0.000000
  -6.9096310048e+00   -1.2073387810e+00    8.4458749918e-02
LJ               0    1.000000    0.000000
  -3.4390785784e+00   -2.1365743910e+00   -4.6077360549e+00
LJ               0    1.000000    0.000000
  -4.7698589741e+00    8.6635663527e-01   -1.6070590435e+00
LJ               0    1.000000    0.000000
  -1.1140209140e+00   -4.2286439755e+00    2.3900966775e+00
LJ               0    1.000000    0.000000
  -2.0912768940e+00   -4.2825183148e+00    2.1987096408e+00
LJ               0    1.000000    0.000000
   3.2367161338e+00   -3.9649271609e+00    3.5137390009e+00
LJ               0    1.000000    0.000000
   4.0373893208e+00    2.9887757014e+00   -1.9135735524e-01
LJ               0    1.000000    0.000000
  -7.8167764096e+00   -7.8577660627e+00    7.6478824163e+00
LJ               0    1.000000    0.000000
   7.4477276812e-01    1.5965583263e+00   -2.8759005435e+00
LJ               0    1.000000    0.000000
  -4.4073188897e+00   -2.3894088527e+00    3.0143584996e+00
LJ               0    1.000000    0.000000
  -1.5989655210e+00    1.1472887664e+00    7.9208687140e-01
LJ               0    1.000000    0.000000
  -3.0771407528e-02   -1.8261860160e+00    3.5166738467e-01
LJ               0    1.000000    0.000000
   2.1935818537e+00   -1.3361682060e+00    6.5989548274e-01
LJ               0    1.000000    0.000000
  -2.1363424476e+00   -6.0358667232e+00    4.4022030739e+00
LJ               0    1.000000    0.000000
   9.3003918764e+00    5.6855130653e-01   -7.3097747734e+00
LJ               0    1.000000    0.000000
   4.1569878872e+00   -2.8007979731e+00   -3.2182318848e+00
LJ               0    1.000000    0.000000
   3.4881923179e-01   -6.8955837045e+00   -2.2489503338e+00
LJ               0    1.000000    0.000000
   5.7660200922e+00   -1.6915472143e+00   -3.6938914376e+00
LJ               0    1.000000    0.000000
   9.5621831360e-01    2.0173953893e+00   -4.5645518136e+00
LJ               0    1.000000    0.000000
   2.1913792482e+00    3.6381193144e+00   -4.7366393267e+00
LJ               0    1.000000    0.000000
   2.6861058873e+00   -4.6651007462e+00   -4.3574817538e+00
LJ               0    1.000000    0.000000
  -6.8140406461e-01   -2.8254541612e+00   -3.0153918819e+00
LJ               0    1.000000    0.000000
   2.9683349617e+00   -2.0422580656e+00    1.1221864642e+00
LJ               0    1.000000    0.000000
  -4.1845930500e-01   -6.2835563230e+00   -2.3775785753e+00
LJ               0    1.000000    0.000000
  -2.1671640225e+00    9.7174615727e-01   -6.0978148378e+00
LJ               0    1.000000    0.000000
  -3.2517966024e+00    1.0412093587e+00   -1.9057515157e+00
LJ               0    1.000000    0.000000
  -8.6798132880e+00   -1.8239766561e-01    7.3382465312e+00
LJ               0    1.000000    0.000000
  -1.3187810305e+00   -5.1756160928e+00    2.1117755644e+00
LJ               0    1.000000    0.000000
  -3.3097314810e+00   -4.3685137133e-01   -9.5749637799e-01
LJ               0    1.000000    0.000000
  -4.6878384308e+00   -3.6626694523e-01    9.9663671010e-01
LJ               0    1.000000    0.000000
  -3.9849654271e+00   -1.0397251370e+00    2.6813228477e+00
LJ               0    1.000000    0.000000
  -4.1341590951e+00   -2.6326661707e+00   -4.4600588283e-01
LJ               0    1.000000    0.000000
  -7.6073724405e+00   -4.6040408388e+00    6.0228430456e+00
LJ               0    1.000000    0.000000
   1.5155906403e-01   -1.6689278349e+00    5.2855530426e+00
LJ               0    1.000000    0.000000
  -1.8076248717e+00    2.7889235447e+00    4.9687489369e-01
LJ               0    1.000000    0.000000
  -1.4051272038e+00   -5.4665517598e+00    8.7483128650e+00
LJ               0    1.000000    0.000000
   1.9543319501e+00   -8.5298978243e+00    3.7898870903e+00
LJ               0    1.000000    0.000000
  -4.8295745587e+00   -1.8309075166e+00   -1.9618418479e-01
LJ               0    1.000000    0.000000
   1.2950793932e+00   -3.0543584441e+00   -4.7274666779e+00
LJ               0    1.000000    0.000000
   2.0047647645e+00    1.0225360175e+00   -3.6322268163e+00
LJ               0    1.000000    0.000000
   1.3878666822e+00   -4.1245017279e+00   -1.6563476835e-01
LJ               0    1.000000    0.000000
  -3.6060496367e+00    3.2819267584e+00   -1.2510029955e+00
LJ               0    1.000000    0.000000
   5.1890188819e+00   -8.5860633161e+00   -6.9902395623e+00
LJ               0    1.000000    0.000000
  -8.2396352426e-02   -1.0206165736e+00    2.0201012094e+00
LJ               0    1.000000    0.000000
   8.5031335406e+00    4.0050852702e+00   -5.8913862192e+00
LJ               0    1.000000    0.000000
   4.0208085798e+00    5.2233486139e+00   -8.8410945172e+00
LJ               0    1.000000    0.000000
   7.8538969570e+00    4.8127977200e+00    7.9336703299e+00
LJ               0    1.000000    0.000000
   9.7652207313e-01   -6.7247120502e+00    1.4186368439e+00
LJ               0    1.000000    0.000000
  -2.7383129596e+00    1.0291787379e+00    3.7744310671e+00
LJ               0    1.000000    0.000000
  -1.0520802100e+01    1.4716864988e+00   -4.6729174201e+00
LJ               0    1.000000    0.000000
  -2.9047020879e+00    2.3860874951e+00   -5.3005326218e+00
LJ               0    1.000000    0.000000
  -3.3343541734e+00    1.8921844715e-01   -2.6371356267e+00
LJ               0    1.000000    0.000000
   4.4001096594e-01    1.4301437791e-01   -5.5453122664e+00
LJ               0    1.000000    0.000000
   6.5924926349e-01    5.6462142844e+00   -3.8060645271e+00
LJ               0    1.000000    0.000000
  -7.1500531248e+00   -5.5326169404e+00    3.9576341676e+00
LJ               0    1.000000    0.000000
  -8.3096473543e-01   -1.4706057124e+00   -1.5749119215e+00
LJ               0    1.000000    0.000000
  -2.3586894938e+00   -1.5999144526e+00    5.5981110628e+00
LJ               0    1.000000    0.000000
   5.3595362367e+00    2.6127822058e+00    1.4426177393e+00
LJ               0    1.000000    0.000000
  -2.9810951725e-01    2.8006364478e+00   -3.6404550511e+00
LJ               0    1.000000    0.000000
   1.2094009840e+00    4.0057469879e+00   -6.9067994333e+00
LJ               0    1.000000    0.000000
  -4.1549674307e-01   -5.0793163225e+00   -3.6316135250e-01
LJ               0    1.000000    0.000000
  -8.7097065590e+00    1.6691255726e+00   -5.5808164078e-01
LJ               0    1.000000    0.000000
   2.0495052572e+00   -6.3499422624e-01   -1.9190774257e+00
LJ               0    1.000000    0.000000
   1.5779504336e+00   -5.6098925165e+00   -9.0270540647e+00
LJ               0    1.000000    0.000000
  -1.6102943110e+00    1.8738857598e+00    2.6191418841e-01
LJ               0    1.000000    0.000000
   3.1554765254e+00   -3.4109877762e-01   -1.2373256468e+00
LJ               0    1.000000    0.000000
  -2.9428657488e+00    1.4342490471e+00   -5.8055255868e+00
LJ               0    1.000000    0.000000
   3.0415242692e+00    1.9687699320e+00    1.0637335489e+01
LJ               0    1.000000    0.000000
   2.5212925715e+00    8.7140871768e+00    3.0002440370e+00
LJ               0    1.000000    0.000000
   1.1968756564e+01    1.7102938580e-01    3.7011604943e-01
LJ               0    1.000000    0.000000
   4.3111552951e+00    4.6689027130e+00    2.2721793020e+00
LJ               0    1.000000    0.000000
   4.5773691800e+00    3.7529585924e+00    2.4840492831e-01
LJ               0    1.000000    0.000000
  -2.6989194221e+00    4.0311635022e+00    4.0495441932e+00
LJ               0    1.000000    0.000000
  -6.0585458966e+00    2.7068435993e+00   -8.6709541344e-01
LJ               0    1.000000    0.000000
  -3.0481256273e+00   -1.3809475975e+00   -1.2513996891e+00
LJ               0    1.000000    0.000000
  -6.6388648164e+00    1.3974085666e+00   -9.4174666393e+00
LJ               0    1.000000    0.000000
  -2.3181598482e+00    4.3990339149e+00   -6.9896505126e-01
LJ               0    1.000000    0.000000
  -1.5158736359e+00   -2.9473851575e+00    8.2880241378e-01
LJ               0    1.000000    0.000000
  -5.3101749591e+00    6.1911259781e+00   -5.2089921406e+00
LJ               0    1.000000    0.000000
   5.8175943252e+00    2.9699381663e+00   -1.7126536761e+00
LJ               0    1.000000    0.000000
  -2.5865730094e+00    1.7015357874e-01   -5.3864562745e+00
LJ               0    1.000000    0.000000
  -2.4917927867e+00    5.3285110549e+00   -1.2600074651e+00
LJ               0    1.000000    0.000000
  -7.8304485013e+00   -1.1906770122e+00   -3.4157281671e-01
LJ               0    1.000000    0.000000
  -3.0851699495e+00   -2.2755253021e+00   -2.3222215149e+00
LJ               0    1.000000    0.000000
  -8.8874454915e+00   -5.1362418864e-02   -4.0248018299e+00
LJ               0    1.000000    0.000000
   4.1130791769e+00    6.8568293223e+00   -3.1245837065e+00
LJ               0    1.000000    0.000000
   1.5511906396e+00   -7.2683466137e-01   -1.2034566122e-01
LJ               0    1.000000    0.000000
  -9.0848611203e-01   -2.0507731116e+00   -3.5073650333e+00
LJ               0    1.000000    0.000000
  -2.4482188945e-01   -3.6196423359e+00   -2.4703311731e+00
LJ               0    1.000000    0.000000
   4.8175810519e+00   -1.9997024261e+00   -3.6132647505e+00
LJ               0    1.000000    0.000000
   1.5648555216e+00   -3.3720991510e+00    6.7671231456e+00
LJ               0    1.000000    0.000000
  -2.7085468441e+00   -1.7445888515e+00    1.5167869513e+00
LJ               0    1.000000    0.000000
   4.0201134991e+00   -3.4217909127e-01    2.1136587550e+00
LJ               0    1.000000    0.000000
   5.0269727493e+00   -3.3626184671e+00    2.8592778086e+00
LJ               0    1.000000    0.000000
   5.8567692879e+00    6.2191572268e+00    7.4782950867e+00
LJ               0    1.000000    0.000000
  -3.2955064103e+00    1.9889815352e+00   -2.0087995285e+00
LJ               0    1.000000    0.000000
  -4.2685558253e+00    1.5730489721e+00    5.4527631231e+00
LJ               0    1.000000    0.000000
  -4.2136778444e+00    4.0952873857e+00    4.8382218591e+00
LJ               0    1.000000    0.000000
  -4.2898327197e+00    5.1693711558e+00   -2.8791920074e+00
LJ               0    1.000000    0.000000
  -8.3796258277e+00    7.0126832468e-01    2.9423061255e+00
LJ               0    1.000000    0.000000
  -2.4950631571e+00   -1.5166863772e+00    3.1740251953e+00
LJ               0    1.000000    0.000000
  -4.8460718734e+00   -2.6184798329e-02    5.3859916213e+00
LJ               0    1.000000    0.000000
  -1.1082917731e+00    2.5196313857e+00   -4.4626879079e+00
LJ               0    1.000000    0.000000
  -2.9624756066e+00    5.2943541244e+00    5.7309275767e-01
LJ               0    1.000000    0.000000
   4.5222249085e+00    8.7380510397e+00   -2.8695631009e+00
LJ               0    1.000000    0.000000
   5.6366645936e-01   -4.9446859257e-01   -5.5823998917e-01
LJ               0    1.000000    0.000000
  -5.8793750639e+00   -1.7236368733e+00   -1.6609502727e-01
LJ               0    1.000000    0.000000
  -9.6596146808e-01   -4.9675189542e+00    5.3712715050e+00
LJ               0    1.000000    0.000000
   1.9475981548e+00    5.7415050887e+00   -1.1861468605e+00
LJ               0    1.000000    0.000000
   1.6862696137e+00    1.6058298223e+00   -2.1328876161e-01
LJ               0    1.000000    0.000000
   3.4801199771e+00   -1.9374068303e+00    3.7794358380e+00
LJ               0    1.000000    0.000000
   1.7390750701e+00    8.1313362382e-01    2.0962519616e+00
LJ               0    1.000000    0.000000
   5.7896991604e+00    7.5390790577e+00   -2.0601975730e+00
LJ               0    1.000000    0.000000
  -7.8086176083e-01   -1.9424140505e+00   -2.4934319364e+00
LJ               0    1.000000    0.000000
  -6.2477227672e-01    6.1377823195e-01    2.6686713535e-01
LJ               0    1.000000    0.000000
   4.4925314388e+00    3.3761179377e+00    1.3346552153e+00
LJ               0    1.000000    0.000000
   3.6535525820e+00    8.9873123862e+00   -1.2252440090e+00
LJ               0    1.000000    0.000000
   8.6727490476e+00    4.6874811009e+00    7.5092075551e+00
LJ               0    1.000000    0.000000
  -1.6397601987e+00    5.3862741843e+00   -2.7516069104e+00
LJ               0    1.000000    0.000000
  -1.4980009679e+00    9.1822255869e+00    2.9118237252e+00
LJ               0    1.000000    0.000000
   1.0402721353e+00   -2.1003657206e+00    5.6741655362e-01
LJ               0    1.000000    0.000000
  -5.2065961584e+00   -7.2176018611e+00    1.4131773908e+00
LJ               0    1.000000    0.000000
  -2.3099782564e+00   -2.6946999337e+00   -3.1347905083e+00
LJ               0    1.000000    0.000000
  -5.8242431497e+00   -9.3120166961e+00    4.4089903651e+00
LJ               0    1.000000    0.000000
  -5.9146516897e-01   -2.8967385694e+00   -6.6206323086e+00
LJ               0    1.000000    0.000000
  -6.3904612444e+00   -1.1632670353e+00    8.5664405724e-01
LJ               0    1.000000    0.000000
   2.3641400282e+00   -7.6684931913e+00    4.2040974484e+00
LJ               0    1.000000    0.000000
  -4.8763357025e+00   -1.4315904104e+00    3.2136531756e+00
LJ               0    1.000000    0.000000
  -1.9056689392e+00   -8.2883918259e+00    3.1089129421e+00
LJ               0    1.000000    0.000000
   1.3460426258e+00   -2.5810169440e+00    4.6710394440e+00
LJ               0    1.000000    0.000000
  -9.5687418974e-02   -2.6528423395e+00   -2.1381358479e+00
LJ               0    1.000000    0.000000
  -6.2872715177e+00   -5.8728348741e-02    1.3226201879e+00
LJ               0    1.000000    0.000000
   6.9981566968e-01   -3.2531064659e+00    4.8740226965e+00
LJ               0    1.000000    0.000000
   3.6708310463e+00   -3.8781743887e+00   -6.8111440183e+00
LJ               0    1.000000    0.000000
  -2.8654766719e+00   -7.4875943339e+00    5.8507805320e+00
LJ               0    1.000000    0.000000
   7.0729826834e+00   -6.0315044908e+00    2.4920371092e+00
LJ               0    1.000000    0.000000
  -9.6050919875e-01   -4.6950280711e+00   -1.2067153368e+00
LJ               0    1.000000    0.000000
   6.0179743623e+00    1.9377551830e-01   -4.8948069311e+00
LJ               0    1.000000    0.000000
   2.5800221209e+00   -1.4566839153e+00   -1.7723973095e+00
LJ               0    1.000000    0.000000
   3.8942219234e+00   -9.2705784074e+00   -1.9169048200e-01
LJ               0    1.000000    0.000000
  -2.6336453398e+00   -9.7166920968e+00    9.9620213782e+00
LJ               0    1.000000    0.000000
  -6.2559261203e+00   -5.8325472980e+00    8.4231038483e+00
LJ               0    1.000000    0.000000
  -1.0377371518e+00   -3.7616153780e+00    8.6647261954e-01
LJ               0    1.000000    0.000000
  -3.6074887959e+00   -3.1114625104e+00    2.0204472624e-01
LJ               0    1.000000    0.000000
  -4.2535975996e+00   -5.4894677642e+00   -6.1740429501e-01
LJ               0    1.000000    0.000000
  -3.8895700531e+00   -3.2198815998e+00    2.9229828647e+00
LJ               0    1.000000    0.000000
  -7.8794546647e+00   -4.3503090881e+00   -6.1762821730e+00
LJ               0    1.000000    0.000000
  -5.1272703295e+00   -4.9662452510e+00   -1.3878109266e+00
LJ               0    1.000000    0.000000
  -4.9946287506e+00    7.2361205839e-01    4.7560974846e+00
LJ               0    1.000000    0.000000
  -3.2736465173e+00   -7.0896557617e+00    1.4129857034e+00
LJ               0    1.000000    0.000000
  -4.8051445169e+00   -2.5651157577e+00   -1.3804883218e+00
LJ               0    1.000000    0.000000
  -6.4593466438e-01    5.3868905681e-01    3.9270365939e+00
LJ               0    1.000000    0.000000
  -6.7655751411e+00   -6.7525332349e+00   -7.1104313300e+00
LJ               0    1.000000    0.000000
  -6.2749114760e-01   -5.8936264292e-01    3.9146596593e+00
LJ               0    1.000000    0.000000
  -3.1313006769e-01   -2.4567344087e+00    2.2627361637e+00
LJ               0    1.000000    0.000000
   5.0444508743e-01   -2.4616406668e+00   -4.5268613337e+00
LJ               0    1.000000    0.000000
  -4.6306776374e+00   -4.6309956144e+00    1.9260759470e-01
LJ               0    1.000000    0.000000
   2.4789279901e+00    1.6597348567e+00   -1.0486820176e+00
LJ               0    1.000000    0.000000
   3.7560932014e+00   -2.1323431822e-01   -3.9810088553e+00
LJ               0    1.000000    0.000000
   4.2234189937e+00   -1.4635872864e+00    7.2839850516e-01
LJ               0    1.000000    0.000000
  -1.1454074521e+00   -4.8651953211e+00   -3.1911748649e+00
LJ               0    1.000000    0.000000
   1.1020056200e+00    2.8654843349e-01   -4.2240494343e-01
LJ               0    1.000000    0.000000
   4.3952220174e-01   -1.5522382698e+00   -4.9696611809e+00
LJ               0    1.000000    0.000000
   5.8920433599e-01   -2.0845694087e+00   -3.0466931501e-01
LJ               0    1.000000    0.000000
   4.1484111410e+00   -1.7194229530e+00   -3.0027319954e+00
LJ               0    1.000000    0.000000
  -4.2274675259e+00   -8.9040357420e+00    5.7098377788e-01
LJ               0    1.000000    0.000000
   2.4834846577e-01   -3.6249463705e+00    3.2293227341e+00
LJ               0    1.000000    0.000000
   8.6172516348e-01   -7.7889602191e+00    3.8997530408e-01
LJ               0    1.000000    0.000000
   1.3710000886e+00   -2.6726379001e+00    1.3726319790e+00
LJ               0    1.000000    0.000000
  -6.1737024077e+00   -1.0414861872e-02    2.2800037179e+00
LJ               0    1.000000    0.000000
   2.0938562668e+00    2.1363939387e+00    2.5914354204e+00
LJ               0    1.000000    0.000000
  -5.0958082695e+00   -3.9634425034e+00    1.3605194575e+01
LJ               0    1.000000    0.000000
  -2.4102887598e+00    3.7994756226e-01    6.8305500817e+00
LJ               0    1.000000    0.000000
  -3.1634405010e+00    9.8798222162e+00    1.2978091114e+00
LJ               0    1.000000    0.000000
  -1.0450268240e+00   -4.3369602999e+00   -1.6709079494e-01
LJ               0    1.000000    0.000000
  -1.8819603023e+00   -3.4415324592e+00   -1.5290800024e+00
LJ               0    1.000000    0.000000
  -5.1854957418e+00   -5.6837978388e+00    5.5418484432e+00
LJ               0    1.000000    0.000000
  -2.5985512576e-01   -2.6591034625e+00    3.7120158535e+00
LJ               0    1.000000    0.000000
   5.7077395942e-01   -5.5359567606e+00    1.3454587869e+00
LJ               0    1.000000    0.000000
   1.2421724143e-01   -1.9830692358e+00   -1.3273936735e+00
LJ               0    1.000000    0.000000
  -4.3758080281e+00    3.3940795805e+00    2.5015074339e+00
LJ               0    1.000000    0.000000
   6.5894806615e-01   -3.0682726631e+00   -3.6249953484e+00
LJ               0    1.000000    0.000000
   2.2250859831e+00   -5.5020320505e+00    7.6091086095e-01
LJ               0    1.000000    0.000000
  -2.6456260752e-01   -1.9313909422e+00    1.4248924007e+00
LJ               0    1.000000    0.000000
   3.6729787083e+00    1.9829615806e+00    4.6798167599e+00
LJ               0    1.000000    0.000000
  -5.4421307869e+00   -4.7559346248e+00    4.3845024457e+00
LJ               0    1.000000    0.000000
   4.7593714018e-01    2.0846397602e+00   -1.0164529611e+00
LJ               0    1.000000    0.000000
  -1.0870411342e+00    6.2297980575e+00    1.3700785516e+00
LJ               0    1.000000    0.000000
   1.4081026861e+00    3.4337390509e+00    4.5686710336e+00
LJ               0    1.000000    0.000000
   2.8135549022e+00    1.1255682082e+00    8.6598623309e+00
LJ               0    1.000000    0.000000
   2.2889006586e+00    3.3570032041e+00    7.0473745840e+00
LJ               0    1.000000    0.000000
   3.4582735973e+00    1.0598936905e+00   -1.1319741041e-01
LJ               0    1.000000    0.000000
  -3.7145642186e+00    6.4214483440e-01    4.0385485868e+00
LJ               0    1.000000    0.000000
  -7.6771947378e+00   -9.9808194773e-01    8.0763598177e-01
LJ               0    1.000000    0.000000
   3.6690523350e+00    1.2683433735e+00   -6.1042148790e+00
LJ               0    1.000000    0.000000
  -5.5305030923e+00    5.2671430225e+00    2.8475639625e+00
LJ               0    1.000000    0.000000
   4.2387839631e+00    6.7828458035e+00    5.0367173119e-02
LJ               0    1.000000    0.000000
  -3.3108052457e+00    1.2042259584e+00    7.3305476932e-01
LJ               0    1.000000    0.000000
   8.2064890096e+00    1.0607934982e+01    1.4111669450e+00
LJ               0    1.000000    0.000000
  -3.9829986665e+00    5.1188923261e-01    7.8840377524e-01
