60000 1
500
3764 6.12303176911e-37 6.12303176911e-37 
0 3764 6.12303176911e-37 
0 0 3764 
28335.392 6.12303176911e-37 6.12303176911e-37 
0 28335.392 6.12303176911e-37 
0 0 28335.392 
120002.948969 313194.095745 -218864.519279
-217883.054678 764787.529569 -982670.584247
-982670.584247 0 0
0 0 0
-22935582.1758 0
-22935582.1758 0 0
0 0 0
28832954.4555 196491407.824 95804617.7713
3111538883.23 1171080917.87 1940457965.36
1940457965.36 0 0
0 0 0
1.05396397479e+12 0
1.05396397479e+12 0 0
0 0 0
120002.948969 19581.0667768 0
764787.529569 764787.529569 0
0 0 0
0 0 0
0 0
0 0 0
0 0 0
28832954.4555 767676.074867 0
1171080917.87 1171080917.87 0
0 0 0
0 0 0
0 0
0 0 0
0 0 0
0 0 0
0 0 0
0 0 0
0 0 0
0 0 0
0 0 0
108000 
256000 
1.45036848942e-14 
2.10356860231e-28 
0 0 0 0 0 0 0 0 0 0 
0 0 0 0 0 0 0 0 0 0 
0 0 0 0 0 0 0 0 0 0 
0 0 0 0 0 0 0 0 0 0 
0 0 0 0 0 0 0 0 0 0 
0 0 0 0 0 0 0 0 0 0 
0 0 0 0 0 0 0 0 0 0 
0 0 0 0 0 0 0 0 0 0 
0 0 0 0 0 0 0 0 0 0 
0 0 0 0 0 0 0 0 0 0 
0 0 0 0 0 0 0 0 0 0 
0 0 0 0 0 0 0 0 0 0 
0 0 0 0 0 0 0 0 0 0 
0 0 0 0 0 0 0 0 0 0 
0 0 0 0 0 0 0 0 0 0 
0 0 0 0 0 0 0 0 0 0 
0 0 0 0 1 0 0 0 0 0 
0 0 0 0 0 0 0 0 0 0 
0 0 0 0 0 0 0 0 0 0 
0 0 0 0 0 0 0 0 1 0 
0 0 0 0 0 0 0 0 0 0 
0 0 0 0 0 0 0 0 0 0 
0 0 0 0 0 0 0 0 0 0 
0 0 0 0 0 0 0 0 0 0 
0 0 0 0 0 0 0 0 0 0 
0 0 0 0 0 0 0 0 0 0 
0 0 0 0 0 0 0 0 0 0 
0 0 0 0 0 0 0 0 0 0 
0 0 7 100 768 2672 5720 9697 14059 18063 
20993 22714 22661 21960 20114 18176 15692 13250 11012 8717 
7095 5562 4329 3326 2470 1841 1415 967 769 547 
373 268 195 143 102 82 46 30 21 18 
7 7 3 2 4 2 0 1 0 0 
0 0 0 0 0 0 0 0 0 0 
0 0 0 0 0 0 0 0 0 0 
0 0 0 0 0 0 0 0 0 0 
0 0 0 0 0 0 0 0 0 0 
0 0 0 0 0 0 0 0 0 0 
0 0 0 0 0 0 0 0 0 0 
0 0 0 0 0 0 0 0 0 0 
