SPC model water in cubic cell                                                   
         2         1       423  -436806.682382    
     17.885676146100      0.000000000000      0.000000000000
      0.000000000000     17.885676146100      0.000000000000
      0.000000000000      0.000000000000     17.885676146100
OW               1
     2.581029385         8.339122021        -8.643233451    
   3.33003680620       4.00194582257      -4.81284258260    
   363.006310550       1372.93896682       480.274454389    
HW               2
     2.110772639        -8.664266464        -8.664055497    
  0.644662403895       2.17620964113      -28.2655564727    
  -548.599064508      -845.229394941      -2120.02076830    
HW               3
     3.237291950         8.292793571         8.489329371    
   12.1574063919      -9.32335445008       3.59054267697    
   874.967878525      -489.706152774       1208.52398398    
OW               4
    -7.906131786        -3.149686360         7.296316491    
   3.40967962318       1.49360699122       4.28987727864    
   2457.43812604       5494.19035886       870.187517251    
HW               5
    -7.962795754        -2.535660887         6.509060764    
  -13.1329451312       10.2978744107       12.2160002165    
  -56.8857983174       895.309057580       1006.18782890    
HW               6
    -8.444925352        -3.972841446         7.117076802    
  -10.5647128168       9.03109866112       11.2614547484    
  -991.505692726       1216.80938777       1005.20716402    
OW               7
    -8.936687558        -7.772399207         4.894110641    
  -4.84254543639      -2.92471178872      -6.72604434778    
  -1396.83016391      -3478.84201324      -1348.64369210    
HW               8
     8.581585843        -6.935148949         5.299131406    
  -9.73982625142       6.89904983289      -31.0368695105    
   1116.04181125      -884.637057985       558.002821416    
HW               9
     8.284189585        -8.512374025         4.996551256    
  0.947775352955      -4.93096608751       17.9340067155    
  -1114.42910214       1529.24199694      -680.653590177    
OW              10
    -5.553012072         8.626339962        -8.289852415    
  -3.00884433631       3.67247005409       1.68061507950    
  -703.177513742      -3881.78447577      -2235.10624971    
HW              11
    -5.390689529         7.641773918        -8.224344271    
  -10.1276454331      0.393953032445      -26.6580736316    
  -785.100148458       760.242524368       2456.19550922    
HW              12
    -6.527285222         8.794782587        -8.439616269    
   1.16073387714       13.8670805104      -14.6231756980    
   453.483393002       1310.82916114       961.895132288    
OW              13
    -3.381226595         3.985554022        -2.629432938    
  -3.58526766461       2.90174770992      -5.70348145584    
   709.321467781       1106.44155370      -110.298574754    
HW              14
    -2.995648196         4.159237363        -1.723245818    
  -16.7504266767      -34.1519941449       7.47484585765    
  -2137.33334261      -1580.23939325      -572.185871802    
HW              15
    -4.195503574         4.551225803        -2.759740420    
   4.05762627219       15.6902294991       1.52465146333    
   582.607481802       299.693361647      -301.046308596    
OW              16
    -5.798640427         5.118130104         2.770070763    
  -5.99307554394      0.337286528080       7.01775359828    
   2656.50596634       1165.35638989       5511.75800604    
HW              17
    -5.774610513         4.128070772         2.631440695    
   22.7929815942      0.980642195492       5.91479300019    
  -1310.57602977       1235.33185384      -1927.77315148    
HW              18
    -5.268540838         5.354111157         3.584515800    
   36.7615614359       19.9388955528      -25.4860429162    
  -385.874966356       764.217831225      -3378.88207026    
OW              19
    -3.056045630         8.552412893        -5.368684857    
  -9.10542775936       5.49786926097      0.883955479194    
  -2860.05956372      -7263.93545631       3541.48366284    
HW              20
    -2.465435835         8.111941626        -6.044827787    
  -22.2189877287      -12.6055769418       1.03796065256    
  -32.4465224624       1349.66605794      -34.3024914889    
HW              21
    -2.502627186         8.870954952        -4.599098558    
   5.08668127889       20.7884773598      -15.4229908203    
  -101.390222074       666.063213873      -1157.35496711    
OW              22
    -2.873733251         3.787589444        -6.018431580    
   3.38715346583     -0.337988107109       1.24950008028    
   3173.42202476       1701.44719922       1584.07176838    
HW              23
    -2.056156967         3.355778799        -5.637488386    
  -3.05162738392      -1.16775133237       14.2671151896    
  -1158.86776064      -1234.31163197       991.485262626    
HW              24
    -3.405635771         4.204010290        -5.281083220    
  -19.2033417863      -18.7780060294      -4.33343594012    
  -1173.72514663      -1387.88612326      -1155.42475308    
OW              25
    -8.418142388         5.527950638        -5.889206154    
  0.145955637443      0.911581121221      -5.76994488206    
   2118.00191801       323.869078670      -1915.08957687    
HW              26
    -8.816193304         6.412773486        -5.647040033    
   12.3786801739       6.12258936042      -4.51896146705    
   278.406988810      -339.959556299       702.602218365    
HW              27
     8.811239055         4.800575559        -5.688698832    
  -13.9616080041       10.5202871567      -16.5805350486    
   1043.93509447       77.9060543998       916.726166801    
OW              28
    -2.429570933        -1.938239922        -6.100241577    
   5.08820344358      -6.70867412938      -1.99343435174    
   687.694499817       3052.78330062      -6724.37945940    
HW              29
    -2.380744883        -2.122107476        -7.081982499    
   39.7810488165       30.5208982095      -7.90905788090    
   6.02195510270      -68.0638497650       2330.31066037    
HW              30
    -2.821246543        -1.030529633        -5.949713033    
   20.3175680324      -3.19844682717       17.5035823926    
   1562.90637416      -9.21967161706       907.720626110    
OW              31
     3.718766989        -6.454544987        -8.102979984    
  0.627079671609      -1.78630698555       2.93469006590    
   1289.02787583      -1870.79511534      -2016.84537853    
HW              32
     3.337265027        -7.322261030        -7.784338642    
   15.6914272395      -8.98785607128       1.58010345112    
   1136.76685370       394.149056957       1677.87722133    
HW              33
     4.311386316        -6.070417104        -7.394986118    
   3.92724035476       1.14487791077      -1.40442812739    
  -1077.01963675       2712.07638306      -737.876932924    
OW              34
    -2.799672569         4.643186502        0.3260901577E-01
  -6.85051265556       1.11665618724      -1.59191328155    
   2064.84417976       3570.11175748      -1019.16103235    
HW              35
    -3.361933277         5.159737929        0.6783986976    
  -4.80147141366       16.0139350877      -11.5977924085    
  -320.978731073      -1464.71086629       341.683263397    
HW              36
    -1.833509806         4.839622537        0.1997891815    
  -6.88961509098       16.4156257282      -18.5623256587    
  -241.733778790      -1492.75423735       730.502013687    
OW              37
    -3.708691632        -1.347346160         4.480301997    
  -1.88386298549      -9.47991619177      -2.39681662088    
  -804.305888636      -552.503850287       2097.52840635    
HW              38
    -3.903170783        -2.309516911         4.671121252    
   11.5341002683      -4.58654173642       38.4007156326    
   1290.15384375       1609.08180860       115.894306748    
HW              39
    -3.493957310       -0.8743556610         5.334805387    
   19.5166566626       23.5137770012      -25.4298230243    
   587.084666032      -536.471217209      -2127.23041780    
OW              40
     5.141287292         8.107466435         7.893883726    
  0.725853428831      -4.12033828086      0.561706058546    
   3116.11302919      -2533.06298123      -2428.96309197    
HW              41
     5.951007917         8.552742201         7.511666161    
   7.60216790271      -14.1410535197       3.35329459058    
  -1344.55425578       116.063289546      -2630.57275925    
HW              42
     4.925109907         7.291150518         7.358249562    
  -22.0916337445       11.8704583328      -15.0761818940    
  -1030.21351985       1035.74446017       357.772181023    
OW              43
    -2.678992788        0.4908440383        -4.173508562    
  -4.72177218888      -8.25266800833       2.16159770875    
  -3819.35616878       263.913603220      -3826.21651517    
HW              44
    -2.110860257        0.4199390897        -3.353626471    
  -14.5906188392       2.90300109626       10.0514565447    
   1851.26030329       1482.62124777      -1930.57439159    
HW              45
    -3.444367375       -0.1491584477        -4.105631521    
  -4.76396788667      -8.32355287588       1.02103550192    
   1164.14836252      -1426.03073729       1909.42470165    
OW              46
   -0.2966616669         8.627849977        -6.328826101    
   5.20672894120       4.50075705352      -2.41651440650    
  -1368.69940622       1400.81005918      -2682.41462675    
HW              47
   -0.9258061471         8.621244198        -7.106094416    
  -6.38579791549      -2.34102235311       6.93839194548    
   270.712750037       108.687872879      -105.616668049    
HW              48
    0.4673286785         8.009310814        -6.512511823    
  -7.85206030581      -12.5203563355     -0.491484924190E-01
  -1097.56163201      -1016.53556503       1685.32620949    
OW              49
    -5.620684397         5.699237289        -7.794654726    
 -0.485745184060      -2.29212752695      -5.34040167533    
  -3018.99587589       4586.20448381      -1463.87578866    
HW              50
    -6.415881147         5.998147478        -7.267095068    
  -4.77006673143     -0.374577199226      -12.8477123823    
   387.588371251      -2221.12973889       2003.40690965    
HW              51
    -5.848023420         4.865332453        -8.297570292    
  -3.40537450446       8.11569221153      -21.4653833038    
   1722.97410821      -175.827817453       605.444631094    
OW              52
     6.917390867         8.228903343         4.803561055    
   5.94507955835       4.48681648249      -9.41550923511    
   4357.56039332       749.349584112       2767.88005090    
HW              53
     5.944380627         8.004072353         4.751472560    
   9.01989407598      -10.5825552764      -3.13160464168    
   305.675555699       1587.65316434      -1175.92758209    
HW              54
     7.454385505         7.479257018         4.416678200    
   15.1316222435       12.3329749815      -11.9659985219    
  -528.622517808      -167.629430702      -107.142122437    
OW              55
     4.166934871         8.400447153         4.513631747    
  -4.87359007713       8.53933437618       3.41977078443    
  -1531.25760244       498.824481610      -6220.18713131    
HW              56
     3.653664019        -8.881525520         5.123639288    
  -22.2400182613       10.4920703917      -12.8908024439    
  -887.067149729      -1364.96052683      -587.861439979    
HW              57
     3.945340707         8.619322653         3.563366627    
  -14.0263826338      -25.6874654455      -2.66948677913    
   1549.72275707      -223.252178515       542.808077940    
OW              58
    -6.905375157         1.361464506         5.574062492    
   4.97498939302      -10.1684050722      -3.15968581594    
  -1406.33107770       1894.46829407      -2822.68487649    
HW              59
    -6.141867128         1.831649567         5.131359115    
  -7.91873622392       16.2367667258       2.14419187358    
  -72.3885973957      -494.266975080       1235.84781432    
HW              60
    -7.566675397         1.073284459         4.881502730    
  -1.77148161804       6.59458607841      -3.81083138514    
   298.352860529      -668.355013887       277.814349116    
OW              61
    -7.071394517         8.732170491        -3.738692517    
   3.80490840401       6.36371279122      -9.22419231122    
   991.816118017       3929.22850983      -1033.39181615    
HW              62
    -6.227066511         8.340117959        -4.103946736    
   12.5786348502       36.1535457036      -21.6843581409    
  -1112.04194443       14.9548388907       607.575566246    
HW              63
    -7.481375966        -8.548838877        -4.421553416    
  -16.6779925762       8.27490708431       4.54162389928    
   433.261942120      -670.780331284      -184.850479344    
OW              64
     1.059582491         7.273119549         4.624302870    
  -2.84218333591      -7.58893952707      -5.88647879088    
   1549.96226719       6055.62809017      -850.139778379    
HW              65
     1.720030091         7.951790388         4.945595311    
   36.5751522052      -34.6956724103      -27.5097976915    
  -1161.29140969      -1748.48087218      -1442.82493898    
HW              66
    0.9960835444         6.528496496         5.288771382    
   1.83058320987      -13.6651408456      -12.2117701656    
  -794.549064795      -602.092675830      -1371.77470708    
OW              67
    -3.420450337         2.409962185        -8.473044404    
   2.84408830142       7.94168353064      -13.7640916127    
   721.827462115       2065.16506296       23.4650302673    
HW              68
    -3.610487526         2.839890691        -7.590402934    
  -15.1630147098      -21.1522113783      -3.10605899412    
   1153.05881098      -1049.05989584      -634.207847404    
HW              69
    -2.658372500         2.881465490        -8.916812831    
   16.7387729142       18.4605997620       20.4433792714    
  -545.242709707      -1558.30356960       536.788395539    
OW              70
    0.8073080651        -3.302482774        -2.367199330    
  -3.34287611987       1.65843859666      -1.23946167764    
   1196.90049303      -1721.98172396       2051.22419965    
HW              71
    0.2617833266        -2.517273378        -2.660205893    
  -2.36397887052       3.41114950212       1.62455489861    
  -32.7806979307      -686.913180035      -1164.33985355    
HW              72
    0.3949503628        -3.710047943        -1.552425961    
   9.75992237206       14.1163356530       11.7758292855    
   45.5421442757       527.813929122      -173.884534998    
OW              73
    -1.573038428        -2.736174522        0.1154903779    
  -4.12467875033      0.660828992568      0.806525967401    
   2477.43794262       1198.99757397      -2350.68564937    
HW              74
    -1.746652074        -3.677214965       -0.1748718399    
  -10.5649843463      -6.37777310439       26.8076305495    
   346.215423424       49.1497398622       2257.07552031    
HW              75
    -1.990407127        -2.103252573       -0.5366001699    
  -22.8840624827      -14.8411037885      -2.46431302770    
  -2064.39953266      -1298.75980422       774.993630829    
OW              76
   -0.1074343989       -0.6484165228         8.062962699    
  -9.33939771489      -10.9919332178       3.45846266959    
  -1555.27117033      -898.094145178       572.408512994    
HW              77
    0.5846748985        -1.364795236         8.151260161    
  -3.19306422950      -4.36941214424       9.34032378887    
  -2634.61485203      -2350.76386234      -404.775567280    
HW              78
   -0.1010853776       -0.7532604599E-01     8.882436458    
   12.9233814031       19.8391446526      -17.6976876796    
   398.275151292      -1325.53133256      -1391.21116188    
OW              79
     7.997312752        -6.197560953       -0.7129278742    
   1.69795830657      0.291647554940       10.5153685049    
   80.4445042490       2003.65818949       898.263350436    
HW              80
     8.325752214        -5.298375091       -0.4237928036    
  -8.72533495926       9.21477268218      -5.02308017376    
   883.146152368      -767.500314561       276.180136789    
HW              81
     8.069886276        -6.840478269        0.4956612525E-01
   26.3219816295       9.68016231639       16.3266160410    
   532.548259978       4.52193375726      -1044.84891220    
OW              82
     5.846182387        -6.603960801        -4.103480647    
  -5.65237377326       3.07159299088      -4.87394964803    
   145.613505651       2422.92637574      -4121.32818013    
HW              83
     4.856140345        -6.673380422        -3.980972242    
  -5.17081970903      -7.06138344276      -6.50787276158    
   541.696285794      -1691.11943726       2250.56232965    
HW              84
     6.184296237        -5.788498824        -3.633681373    
  -14.2975646379       4.74735721390      -1.51325804380    
  -38.6155957035      -462.427496196       657.958158086    
OW              85
   -0.9865230547        -7.656911446         1.595935134    
 -0.107938628064E-01  -10.3506228798       1.22909929948    
  -2052.26199046       591.397992082      -1969.26761168    
HW              86
    -1.812839305        -7.740457066         2.152917520    
  -12.3579551463      -6.82211447231      -16.3467248678    
   1385.32107778      -445.577673351       1121.92398848    
HW              87
   -0.6520863295        -8.568301742         1.356086051    
   2.13487869153      -11.8012247657       9.65210433198    
   1047.22897059       220.297355614       1092.89411343    
OW              88
     6.749578492         8.896168102        -1.978399069    
   3.44047681518      -12.0389849869       6.92708093368    
  -293.411257587      -246.995341513      -71.6464267896    
HW              89
     7.563993002        -8.457220731        -2.209492072    
  -4.09432145281      -8.05820078843      -10.8793175205    
  -1091.54715116       966.969762653       122.954307880    
HW              90
     6.552470901         8.250385322        -2.716042611    
  -12.7801838140      -9.05231437736       8.55364264701    
   617.814410372      -224.507638067       395.284556962    
OW              91
    0.2095262652         5.361573546        0.2043449049    
   4.54241094659      -6.12348299745      -5.31272719831    
  -2076.23843775      -4105.29585389      -1219.97743389    
HW              92
     1.049626973         4.824523130        0.2806164877    
   11.8428980829       4.82340283188      -8.05221305359    
   646.949001553       1235.98203401      -203.234935494    
HW              93
   -0.1802867943E-01     5.490068899       -0.7609101973    
  -11.1921555215      -25.8463615325      -4.39398903930    
   1092.69194331       791.947381522       477.166619653    
OW              94
     3.426598806         3.182873599        -5.153898209    
   11.5514807296       2.88028858387     -0.924688524844    
  -1401.01416812      -406.584519908       1451.33364151    
HW              95
     4.253286838         2.623264148        -5.095294782    
 -0.106098391761E-02  -11.1265764962       35.2868475397    
  -516.543504197       2263.87917674      -1457.26081286    
HW              96
     3.401760988         3.823082639        -4.386092363    
   5.21472193047       26.5046933687      -20.5085331517    
   2232.92506369       301.662187827      -1359.97030160    
OW              97
     3.655321990         8.155877803        -5.773917093    
   2.37413996545      -6.30067354811       2.87349822013    
   2163.20264198      -905.552776658      -810.528251293    
HW              98
     4.591576167         8.343923250        -6.070693325    
  -1.34696573645      -11.0746275890      -12.1104799715    
  -713.388897910       1674.93673447      -767.466201044    
HW              99
     3.094300945         7.921176318        -6.567755748    
  -9.63874716219      -11.3808098132       12.7807385946    
  -606.765137726       1584.41164100       321.918909864    
OW             100
    -4.417153348         7.992623381         7.118671440    
   7.08939223552     -0.502873748705     -0.210552755521    
  -2362.24831372       1095.08895815      -26.5690891865    
HW             101
    -4.738114800         8.380170645         7.982849943    
   20.0678080996       33.4953049385      -10.2250643685    
   1234.95479343      -883.997312716      -719.685782722    
HW             102
    -4.891827793         8.434980309         6.357738914    
   16.4963367900      -9.90067090208      -11.6427631136    
  -624.890219316      0.204068340441       676.100184755    
OW             103
     4.076368557        -3.501305933        -5.032237447    
   3.00356921519       1.14954027962      -6.17098050090    
  -4288.95938148      -171.694011783       2249.93570578    
HW             104
     3.672757352        -3.089174698        -4.215380314    
   32.7448624843       14.3516313016       2.20893772719    
   1937.14014697       1429.73901076      -786.803060755    
HW             105
     4.006286360        -4.497096822        -4.973088342    
   29.2120113482      0.768354634078       25.6473419020    
  -750.656840421       1700.98951279      -1473.37651677    
OW             106
     8.063271187       -0.8203021693         8.120208562    
   9.44117373625       2.07990686314       2.36443512960    
  -1344.73924084       1858.57463259       761.921404433    
HW             107
     7.372933508       -0.1816365626         8.460139230    
   34.2569143164       33.1841354272      -4.47957165633    
   1142.85680622      -1466.54806210       644.831531007    
HW             108
     8.412209149        -1.369831707         8.879334499    
  -8.66589570051     -0.209965073412       9.15466654700    
   69.1237132749      -256.384421781      -802.826458497    
OW             109
     3.070354967        -2.591035538         3.396445747    
   4.42756568043      -2.87372039967       10.2918519449    
   928.927672106      -433.941703562       354.868948676    
HW             110
     3.400713993        -2.158216931         2.557674096    
  -6.21629619163      -1.35334507528       6.84616164958    
  -1125.70123450      -480.296883608      -542.030044425    
HW             111
     3.832808007        -2.712633703         4.031966094    
   9.90542678799       8.93934515781       6.05397017406    
   546.198841699       1350.02394987      -561.951220523    
OW             112
     7.279898857         6.660178359        -3.835462491    
   14.9319806787     -0.787661065504      -5.75131617266    
   1800.41804873       3581.36467770       436.789076701    
HW             113
     7.986339032         6.541741562        -3.137665665    
   21.7639755184      0.431963866024      -12.4277716139    
   13.7185791653      -262.384308984      -88.8898203823    
HW             114
     7.616593041         7.272540380        -4.550763282    
   18.4476144421      -24.1320118123      -24.3976026641    
  -421.895989468      -428.121669098       476.893416073    
OW             115
     1.442927393         6.519682057        -6.822814025    
  -4.75058990144       5.28391617501     -0.523016719580    
   1425.04687466      -4442.41489026      -334.286610439    
HW             116
     1.961995735         6.507468023        -7.677464660    
   8.31351342872       39.1350842927       6.52778074160    
  -1303.98639565       2542.77415783       598.574901811    
HW             117
     1.986021067         6.098552196        -6.096379085    
   10.0645369991       33.2987625297       4.99812331621    
  -1338.82334082       446.763659749       39.9421142950    
OW             118
   -0.7588013513        0.3130341897        -2.310281439    
   2.17359571867      -7.52766987552      -5.30321272312    
   249.077013336      -2325.56516116      -166.416891858    
HW             119
   -0.8967936801       -0.5608641853        -1.844165721    
  -7.27279406538      -23.3881615928      -37.1104983079    
   244.057981289       1571.44573856       288.044989696    
HW             120
    0.2191029119        0.4627797162        -2.456170524    
   3.72175467279      -13.5131354189      -1.16426546235    
   5.43110407237       1314.40749481       1812.53947626    
OW             121
     5.596792059        0.9880104722         4.280311570    
   3.56888063112      -2.26478645697       3.15119998477    
   2844.03296428       4072.29303875       2410.81869405    
HW             122
     6.246684745         1.406529584         4.914731651    
   6.17161712174       5.24778887773      -4.42337966625    
  -1427.15964087       2018.15672517       451.058870107    
HW             123
     4.775324657         1.555229833         4.221480364    
 -0.301426092779      -7.50272903347       6.46358522319    
  -31.0558351171      -432.251624794      -2553.23733280    
OW             124
    -6.696843807        -2.765409496        -8.184577807    
   5.81136323600      -1.73709776496      -2.90754223891    
   1556.39516902       1509.63548478      -682.963903614    
HW             125
    -7.061091781        -2.968821744         8.792273022    
   2.47157680719      -10.8446207189      0.440267806272    
  -94.5194176126      -365.998031316       246.893107091    
HW             126
    -5.820028587        -3.231018457        -8.064494634    
  -8.17052899649      -25.3070047798       9.69042959607    
  -1265.43282662      -262.394499238       1308.70650958    
OW             127
     4.451570591        -1.072595412         5.786084600    
   13.3214498620      -5.25789034968      -3.28767264898    
   2409.08003855      -1617.48836682       6569.96078862    
HW             128
     4.495834195       -0.7741877773E-01     5.698499395    
   29.3021787521      -6.37149771055      -8.68117094078    
  -1037.48508682      -670.725969004      -3398.67046458    
HW             129
     5.372305035        -1.455548697         5.711238652    
   6.39202196412      -21.0763913375      -8.69028623557    
  -265.382937058       386.654239125      -2986.56153227    
OW             130
     1.373279945        0.9746769697E-01    -7.739397883    
  -5.03477879834     -0.934095926838       5.47764780466    
   4688.86312481       391.915363807       4583.23911857    
HW             131
     1.235942431        0.5829426299        -6.875995104    
  -28.5072030553       17.7199358367      -8.42850464789    
  -615.640933810      -750.936552615      -665.096646309    
HW             132
     2.100942737       -0.5796224798        -7.629546416    
   9.57867016117       18.6978988122       32.7371727407    
  -593.468293159       1086.00946146       631.288825399    
OW             133
   -0.8104358275        -5.408838768       -0.4137317990    
   1.31637032337       5.48096997460      -7.97286852842    
  -8919.52026191       897.181574885       2361.97571722    
HW             134
    -1.020070963        -5.965455455        0.3901606288    
   26.0188991486      -36.1754519965      -29.4999009141    
   5741.22734476      -798.252591797      -2009.47394081    
HW             135
    -1.561910359        -5.474301554        -1.070247370    
   16.1330076480      -25.7091179728      -22.3561355073    
   2299.57296462      -1976.03002888      -970.363029207    
OW             136
    -1.315550944        -5.440415773         4.022606818    
   6.59097554107      0.432509937935      -5.73143771752    
  -2712.00228690       1510.96952203       1531.83596592    
HW             137
    -1.775372720        -5.220790585         3.162177938    
  -3.10552100583      -9.02727403305      -3.01956751684    
   965.989580598      -676.441358355      -479.394455644    
HW             138
   -0.4777209543        -4.900094406         4.100727147    
 -0.118316863141       12.1846384016      -14.2416936228    
  -432.837246632      -53.9039980245       614.396265541    
OW             139
    -4.985331245         6.214833941        -3.025355781    
   3.76788756373       2.64615687403      -3.40697367529    
   1734.31198039       2906.00531758       3876.28340761    
HW             140
    -4.623607524         6.581630804        -2.168254245    
  -25.5696803850       48.3185631315      -9.70010093347    
  -1018.24824969      -552.438169588      -2436.93664570    
HW             141
    -4.513795041         6.642224524        -3.796716906    
  -2.96511340155      -2.75297686450      -10.5550865116    
  -381.364432024      -891.760010880      -507.294115149    
OW             142
     3.378183658        -1.856274629        0.6001501681    
  -2.14040686202      -3.64533935529       2.57916304252    
  -4770.06861954       656.102625840       1591.82398423    
HW             143
     3.940927062        -2.199579090       -0.1518278521    
   20.2509431362       2.66060012771       16.2150183218    
   159.153885049       1346.94006890       776.953310133    
HW             144
     2.504149987        -2.342011140        0.6117292124    
   1.23983877648      -10.6263040300      -21.3968321850    
   1506.04034420      -1929.80610664       191.081085138    
OW             145
    -2.881899300        -1.764944266        -2.247740874    
  -2.21095061810      0.541832918597      -1.09936369104    
  -944.900520096      -3552.62792955       1363.03328165    
HW             146
    -2.896441951        -2.566250225        -2.845829295    
  -46.1610839624      -12.1061697484       15.9197403605    
   545.379430410       3036.99577691      -187.973427123    
HW             147
    -3.819563325        -1.491096483        -2.033716479    
   12.5652047592       40.7285490099       14.6472837961    
   1611.11177524      -1345.74161421      -1076.44578628    
OW             148
    0.6701387917        -3.483458452         4.337393071    
   2.73363811446       3.41742881198       11.6432752444    
  -1345.49030781      -1493.14160947      -748.595515915    
HW             149
     1.666847150        -3.564566890         4.335460757    
   2.08458101747      -6.97851868026      -18.5145354047    
  -955.818014892       1177.54787682      -2188.16874143    
HW             150
    0.4121156867        -2.534416896         4.156412306    
   7.10507694958       7.83322915665       28.1374022570    
  -917.764654590      -127.206222050       2477.96877513    
OW             151
    0.9259781035        -3.197966441         1.160432199    
   11.2926364337      -9.05230759403       2.09646162357    
   986.753900911       2767.32701832      -148.400805728    
HW             152
    0.8573568267        -3.370955419         2.142967992    
   17.7965136187       16.9417025702       7.31679131522    
   1101.60039087      -1568.62214743      -1047.77812962    
HW             153
    0.8523572875E-02    -3.140030209        0.7668192199    
   8.64476667137      -17.1317100235       7.01808847687    
  -289.715211695       63.2939102485       1021.96004907    
OW             154
     3.049098148         5.748598440         7.342233021    
  0.207006201691E-02   4.56472663935      -4.53811672447    
   2605.66002342      -842.218095329       2278.14206107    
HW             155
     2.059378111         5.606212022         7.328363934    
   2.72384242920      -15.9127837589       2.81285532979    
   651.736905148       399.869955155      -2594.31628981    
HW             156
     3.468778103         5.112665062         7.989897779    
   14.3192671176       37.2784026210       19.0115434213    
  -2465.57011667      -697.091686837      -1776.95882609    
OW             157
    -5.579984168        -7.084255270         3.511292999    
  -3.62154293267       10.1875761505     -0.841899338631    
  -1000.73317373      -2540.65907376      -4173.46552564    
HW             158
    -5.523171850        -6.244775789         4.051718780    
   3.23568055924      -6.40122617202       24.6552745654    
   166.424303569      -633.890290333      -1383.83000928    
HW             159
    -5.969763310        -7.815706045         4.070815727    
  -9.20944571637      -3.82266821353      -22.7342976583    
   814.250355773       788.841496487       270.763815313    
OW             160
     5.043449939         5.880145792         5.275552130    
  -6.76376315906       10.4923537313      0.141912462091    
  -1915.85550652      -2794.11263347       2935.53032515    
HW             161
     4.320389215         5.889775688         5.966276756    
  -13.0346104216       2.31027366956      -6.25516323374    
  -685.565617421      -1894.89480176      -566.128135386    
HW             162
     4.774849511         6.455623547         4.503095508    
  -8.12472084198       4.43748505775      -3.91349021580    
   182.165424736       457.626022447       628.888979402    
OW             163
    -8.742176438        -5.238172191         6.056606677    
 -0.556500682073       2.22072730188       1.47983957527    
  -1120.53411272      -1321.16372288      -2024.72850452    
HW             164
    -7.794172121        -5.228374916         6.374738885    
 -0.487760337968E-01  -18.9458296369      0.971686016365    
  -536.189609456      -3472.49704584       175.279481923    
HW             165
    -8.765045749        -5.073914953         5.070446046    
   4.29846988880      -18.7481734285      -2.24649463932    
  -46.6569924969      -1884.97298679       19.3846954457    
OW             166
     5.778932192        -7.175041734         1.998389886    
   4.92762175204       1.35752774998       7.96655183128    
   1581.78953745       1076.93824890       1568.43155128    
HW             167
     6.697778093        -7.103578393         2.386487119    
   8.07772839928      -15.7033833657       3.85479865902    
   688.515754476      -1077.27031117      -1832.93299552    
HW             168
     5.638165500        -6.439178149         1.336050281    
   9.24671433809       14.4566994374       21.4613421033    
   281.426415228      -383.853020994       127.812295177    
OW             169
    -6.504961876        -3.290807087         2.634189661    
   4.89662412068      -5.82416338592      -3.78259638957    
   3505.36251364      -6119.66124623      -1388.13695304    
HW             170
    -5.746839964        -3.168539344         1.993630896    
   25.1480934203       1.72863801386       21.2011996485    
  -539.496172777       3598.98520766       1402.91337544    
HW             171
    -6.216529957        -3.887942292         3.382688521    
  -5.52998108538       17.4103661348       19.1638784947    
  -114.596510481       60.2859416174      -1191.65414191    
OW             172
    -2.235455384         5.761397530         6.790561843    
 -0.569131150811     -0.657644837787E-02   7.55363758993    
   166.188424913       762.926270397       2640.36362347    
HW             173
    -2.626490211         6.681669686         6.804881377    
   1.80689659309      0.824508238770       23.6635169378    
   599.684255631       9.67329749371      -207.398872787    
HW             174
    -2.202906100         5.398023470         7.721644072    
  0.866213736724      -15.4161470651       1.56342888025    
   694.257019182       916.145925278       170.619919625    
OW             175
    -2.388312161         8.244998704        -8.414339415    
   7.64340779104       9.62368854787      0.475228811744    
   2332.94812824       1226.23201696      -2198.15867422    
HW             176
    -2.134506882         8.640678560         8.588709313    
  -10.9694879582      -7.03311850891      -12.5692076270    
   76.0242140983      -725.527765581       374.222895034    
HW             177
    -3.176339185         7.640996158        -8.533525708    
   32.1342233607      -27.3223501262       20.7931388359    
   1930.85696875       1364.36994292       1295.71601456    
OW             178
     2.182742538         1.003931911         7.688458592    
   5.91279367687      -9.74902005739      0.826836889400    
   4155.08161797       2186.00402779      -311.696597521    
HW             179
     2.765854936        0.2328177545         7.432778763    
   6.44110999588      -8.89882629832     -0.534967527136    
  -499.628520739      -197.537424887      -732.895190247    
HW             180
     1.670621371        0.7750545627         8.516321108    
  -2.55181608683      -15.9280183202      -6.07025752770    
   145.870913045      -30.0607339966      -321.527982138    
OW             181
    -7.396275797        -1.284022056         4.082946668    
   2.60395024444      -6.10391610783       3.05445873701    
  -2620.99657488      -641.729992665       2744.14957886    
HW             182
    -7.003427148        -2.039724094         3.558927771    
   5.63020428677       5.79578525329      -12.0178120416    
  -143.162750238       1389.11676618      -1223.92589175    
HW             183
    -8.216938066       -0.9482927775         3.620549871    
 -0.994111388426      -2.75839106319       11.8150223993    
   1568.99487509       2627.04576544      -734.774016618    
OW             184
    -1.157354304         8.719410740         6.664799341    
   7.08452269597      -5.14996413559       2.95989831168    
   475.241817483      -722.829118331       899.898267051    
HW             185
    -1.532039270        -8.731828104         5.845725983    
  -2.20607819393      -1.69709090467       9.00008499997    
  -411.431457325       279.464882828       584.736460989    
HW             186
   -0.2843652649         8.285181437         6.442671537    
   12.6598072202       9.91601023054      -4.94148592175    
  -406.322492503       119.683665462      -557.510555494    
OW             187
     7.037353195         5.487993627        0.6259420055    
  -1.07417267720       5.58261938269      -7.09177699813    
   2116.32175279       2099.81441537       2208.75888141    
HW             188
     6.688847044         6.404492203        0.8223787310    
  -4.13519359329      0.368049774995       12.3331172408    
   641.534425173       111.186446561      -1104.57117271    
HW             189
     7.058253679         5.343775736       -0.3633899664    
  -15.1437882977       20.9705583226      -9.74372598448    
  -1727.47517805      -1861.25355470       843.662989825    
OW             190
    -4.389448650        -4.063635289        -7.387656685    
  -2.55356315960      -2.45509045741      0.870375911436    
  -717.593055697       100.415787074       842.292383425    
HW             191
    -3.397564047        -4.182710436        -7.342930455    
  -3.67584244847      -10.2534000249       5.46362375682    
  -216.973234024      -748.984105921       140.452604339    
HW             192
    -4.788376568        -4.245830984        -6.488948890    
  -7.15685053473       10.1489802653       1.43249447750    
  -206.817793496      -569.122510492      -344.272080595    
OW             193
    -7.821348239         6.793517403        -1.879339527    
  -9.88712829516     -0.461993107606       6.65272190607    
  -932.939746122      -811.171685086       2007.94452043    
HW             194
    -7.509705816         7.708343672        -2.136200768    
  -16.6839321574      0.942317476309       3.35076148588    
  -902.719184192      -725.698728265      -3127.44993786    
HW             195
    -7.056674310         6.151747479        -1.937742637    
  -4.30410353168       5.64081034030       12.2640100169    
  -443.287685560      -208.152365855      -1280.18625606    
OW             196
     4.449808974         5.699949197        -3.942556397    
  0.168430270174       5.06492191652      -2.12305532635    
  -1976.62408425      -761.580558788       364.910135659    
HW             197
     4.747611025         6.314735373        -3.212244070    
  -3.73350523025       3.69328865763      0.631173101312    
   246.151732018      -458.714591522       183.602894274    
HW             198
     4.435031009         6.195680928        -4.810908775    
   8.33101433279       5.72648355369      -1.90362298181    
   384.665847038       161.995359217       206.257797546    
OW             199
     1.501280823        0.4797865446        0.5642314870    
  -4.72139372526      0.402556350097      -5.98302765155    
   1955.27597444      -2230.48393918      -2068.31863859    
HW             200
     2.174450918       -0.2374459331        0.3841537817    
   7.77536459123      0.640736528107E-02   39.2510443070    
  -518.152350115       1557.44787693       2381.92276453    
HW             201
    0.7339098444        0.9599737915E-01     1.077900763    
  -3.98647778972       16.5472236925       7.39220661833    
  -61.1733713011       2568.65226739       871.400968008    
OW             202
    -7.832252182         2.876565320        -8.858595996    
  -8.52389077874       3.36691071807       4.03223855041    
  -398.357233905       2369.43887833      -1829.19269730    
HW             203
    -7.537630539         2.831658093         8.072519175    
   1.14662988548       15.9661224485       6.35683299545    
   1112.30517035      -1703.08331317       605.655515541    
HW             204
    -7.042752186         3.063569260        -8.274023882    
  -16.5082935606       8.63718179841       13.2047728754    
  -448.836870104      -2377.16892759       963.548379692    
OW             205
     5.946284199        0.5096769744        -8.648078971    
  -3.64958124269      0.837956628595       5.06820291077    
  -1989.81567382       3913.88780823       1131.40235044    
HW             206
     5.717635031        0.8385276608        -7.731789846    
  -23.1612815828       10.0756290377      -2.97138862398    
   304.894263748      -215.815977686      -247.460533396    
HW             207
     5.328395711       -0.2354328802        -8.899144994    
  -6.13715613565       6.33818854348      -5.27561884851    
   1910.05470637      -1376.47255615       524.963917548    
OW             208
     5.717266689        -5.053003399        -6.494424931    
  -2.53823072373      -6.97216480468      -2.81297198397    
   1432.07392142      -4578.12242337      -1894.71974949    
HW             209
     5.348591725        -4.282486351        -5.974429586    
   12.5649221142      -6.80426474652       7.81011137859    
   678.823680618       658.160192039      -1773.94962709    
HW             210
     6.079413817        -5.738908400        -5.863238101    
  -5.48353921198      -17.5618469894      -12.5455594721    
  -471.431812685       920.418420721       1135.36837194    
OW             211
   -0.4683229303       -0.9503083391         5.324587129    
  -6.35819242994       1.96994353513       2.00087737717    
   4792.19491736      -778.963552563       170.608223414    
HW             212
    0.7801044203E-01    -1.607466074         5.843886006    
   32.3675686273       16.4655775585      -19.3546729883    
  -2911.84387801       137.200993056      -754.806665507    
HW             213
   -0.6692126771       -0.1561494924         5.898139876    
  -2.60104791954      -2.19219771546       9.11542147759    
  -2616.23258919      -1366.25395119       666.717179239    
OW             214
   -0.1884594626         2.798938563        -5.089997255    
  -7.54035389005      -1.53543128238       3.68941592056    
  -3279.63541770       927.162731330      -3440.96570461    
HW             215
    0.2614826125         3.688346007        -5.170686103    
  -17.6763026508       5.39241981641       22.0224887343    
   1672.70206328      -1385.45761350       573.721562734    
HW             216
   -0.3831269378         2.439317932        -6.002565986    
   17.9417592957       4.05141756007      -4.15141679251    
   2374.89298113       229.669081878      -90.6047331180    
OW             217
   -0.5191606605       -0.1384324740         2.641837001    
 -0.662749490817      -4.78838653780      -3.48044692062    
   1081.81606422      -668.882774773      -2030.96759171    
HW             218
    -1.102127751       -0.7463842701E-01     3.451828160    
  -14.3902727633      -12.0969084576      -12.6840573040    
   545.379357379      -595.679280287      -146.060922864    
HW             219
   -0.1327355208        -1.058703437         2.580331211    
   29.4951212528       6.30577467158       14.4898607594    
  -1166.81484803       957.336593864      -296.744895619    
OW             220
     6.270374246         3.213316092         6.052632782    
  -1.88448260426       2.24350838529       3.05348788854    
   295.437542434       3842.97404025      -84.1020954567    
HW             221
     6.792165609         3.353779564         6.894071130    
   26.5906205560       14.3707259754      -16.2338818039    
  -1111.96452187      -2040.35737207      -564.706381711    
HW             222
     5.938578129         4.094055630         5.714662386    
   27.5888230341       3.48378927025      -23.8271019227    
  -4.22681559951      -2004.29012328      -1197.96156216    
OW             223
    -2.271501810         8.385822035         3.746807710    
  -5.04455777080      -3.62538093779     -0.960326038169    
  -2008.01752879       795.936133613       2804.14554032    
HW             224
    -1.461888896         7.804583065         3.664990108    
  -13.2333324986      -14.6483978431      -4.29229536158    
   97.0256250066       926.969605388      -1327.03627344    
HW             225
    -3.063062240         7.823780314         3.986697628    
  -11.5611182867       7.22429274204       3.14127561186    
   566.983543944      -931.813773319      -656.039297861    
OW             226
    -7.006011941         1.349109537        -3.215329560    
   4.58801521337      -1.02431916410      0.596157313360    
   554.653810639      -1287.85787933      -2368.85038737    
HW             227
    -6.851975853         1.697715425        -4.139860346    
  -10.6365464047     -0.563077880651      -1.83078560722    
   710.436249342       1095.88972443       678.586808413    
HW             228
    -6.127826492         1.236381199        -2.750471642    
   10.5714229143       27.7602409219      -3.25434793626    
  -1287.48655289       1163.42985786       809.414920762    
OW             229
     5.770827371         1.786433135        -5.398925803    
   3.94245058868       10.5310649977       11.0667902682    
   1758.90431728      -2036.00612838      -2600.22499987    
HW             230
     5.637825134        0.8423491949        -5.097230788    
  -8.69588309295       12.7368013310       12.5354323001    
  -126.751561513       388.671009340       812.509739444    
HW             231
     6.747679926         1.964506153        -5.517471213    
   5.23967996286      -8.87898312095      -9.05139735071    
  -563.844226258       63.6326658045       1509.00382334    
OW             232
    -5.934168485        -6.069245712         7.654934292    
  -7.10399163403       5.79088865569      -1.66245729780    
   2374.97457897       206.298139517      -1095.35315335    
HW             233
    -5.755101492        -6.090107251         8.638553263    
   8.16243766674      -17.1565118059      -4.73298368147    
  -1894.75623715      -298.801457029      -509.296056653    
HW             234
    -5.145723299        -5.677940398         7.180338852    
   1.35030222184      -18.4206326485      -7.94691324512    
  -749.904395292       310.013070266       188.838606138    
OW             235
    0.3734297095        -1.194187873        -4.949595331    
   1.99511905628      -3.53700052402     -0.352149698912E-02
  -3553.28922381      -532.838077362       1026.21570124    
HW             236
   -0.2958116475        -1.861103568        -5.277234699    
  -14.6679988977      -1.53056930563       29.0880626876    
   637.045529183       1085.16852246      -439.653356491    
HW             237
   -0.1035499886       -0.3998614349        -4.573371866    
   20.8084264006      0.928706219231       14.8139358853    
   775.547236266       183.167978268      -684.108383146    
OW             238
     8.773401828         8.347535423        -7.674762410    
   1.00359752217      0.225199701109       1.40626952250    
  -1134.36034678      -799.142479650       1619.21627489    
HW             239
     8.455153276         7.427568930        -7.445884470    
   10.6178853649      -2.80374765779       2.71261596307    
  -381.711827963      -256.947631084      -1636.38856253    
HW             240
     7.992856602        -8.914025918        -7.709910965    
  -8.14149372393      -12.1361938568      -19.9182746096    
   640.647007670      -268.968734461       353.875980092    
OW             241
    -8.726893716         6.544623154         3.722684827    
  -8.13144977944      -5.94664359844       2.03651195745    
  -805.154981776       379.332834143      -972.305696308    
HW             242
    -8.911335166         6.101150039         2.845577470    
  -8.62280720675      -22.4514049022       10.3871173784    
  -365.369501185      -58.4266546547       431.273582713    
HW             243
    -7.760848345         6.433852856         3.956117174    
  -8.99873062157      -5.61294737052       5.80045367475    
  -72.5452102158      -151.955531588      -117.953604328    
OW             244
    -5.916411230         2.324424277        -5.929257204    
   7.26371053892       12.9701431142      -1.67321808421    
  -1375.84499117      -2327.86604155       2495.91357937    
HW             245
    -5.011650218         1.898616540        -5.939489233    
  0.120311718280      -2.12908027850      -19.7218105188    
   519.463620335       2666.07808682      -315.022204728    
HW             246
    -6.581282632         1.705668560        -6.347703077    
  -12.6065047417       21.5137117920       16.7828770240    
   2604.42305757      -506.088140125      -1443.61752699    
OW             247
     2.176312052        -8.285824830         1.979660446    
  -7.58377449142       2.27616417469      -2.17820559922    
  -604.957556391      -1425.85000719       1067.83878512    
HW             248
     1.575138426        -7.606730643         1.558438890    
  -5.00195870505      -6.58618655774      -20.3981917060    
   365.215676783       38.0213228010       716.348290754    
HW             249
     1.659195607         8.763552326         2.161871415    
  -14.3859168015       13.8514893833       33.6529495585    
   46.6858298664       1186.89422467      -2263.53421132    
OW             250
    -1.762006501        -4.757816993        -7.046350739    
  -5.61970992492       1.28493717000     -0.579010393766    
   1482.62654595      -1859.13173533      -1288.57551806    
HW             251
   -0.8400803991        -4.488938933        -7.325216593    
  -7.49181762163       16.2838395267       7.43121251124    
   35.8831476588       890.742229750       1650.13943048    
HW             252
    -1.710017834        -5.558431098        -6.449422355    
   1.76576808647      -1.56145013380      -5.00544429377    
   156.071451315       1075.53621558       1358.21193304    
OW             253
    -6.753860706        0.6273912123E-01    -7.112779847    
  -1.53125881112       7.66956803170      0.466582234456    
  -3725.34586262      -2637.86530511      -1378.33032693    
HW             254
    -6.370920415       -0.6385253276        -7.714106525    
   22.4239211070       2.53172822446       21.2836945312    
   708.684211778       746.966605089       1100.05945593    
HW             255
    -7.701934789       -0.1673153255        -6.893145514    
   1.72497062037      -10.7009619588      -4.29716765395    
   441.347906121      -1087.37199219       248.227604450    
OW             256
    -6.305282276       -0.4984291023         7.411682283    
  -3.55816704842      -3.20144441901      -2.00337081844    
  -1083.65564978      -5879.20846658      -1260.72842448    
HW             257
    -7.146884284       -0.7261338199         7.901445330    
  -1.49640853466      -8.12676480252     -0.735521078465    
  -49.0462149843       460.750636412       269.458764475    
HW             258
    -6.533297963       -0.1115208039         6.518193612    
  -6.92611247922      -31.2935840686      -13.5697935320    
   775.878832598       3832.75046618       2746.78382483    
OW             259
    -1.727658656         5.401821930        -8.466152714    
  -4.81308992804     -0.439963397032      -2.76886154141    
   2848.32669784      -5411.05803472       1840.42455294    
HW             260
    -1.013831387         6.101074960        -8.427353078    
   1.52383249309      -6.95220015550      -1.44177048467    
  -1726.24649941       1376.42227608       1492.17517705    
HW             261
    -1.925088658         5.074715519        -7.542013987    
  -29.1873800731       21.0741370184     -0.729243212128E-01
  -2752.53026838       2046.71607420      -690.780648704    
OW             262
     1.415570699        -3.744567787        -6.807004090    
 -0.336488621846       10.6225406401       2.75616629456    
  -2466.22886294      -162.191565209      -987.747444356    
HW             263
     1.790507114        -3.134703206        -6.108796945    
   13.2961660633       4.43619391229      0.920416575589    
  -523.680096624       58.1704196130      -256.495027875    
HW             264
     1.539817801        -3.334074788        -7.710366419    
  -9.05913432439       14.1190206337       3.12087884602    
   178.955346536      -112.423714152       39.1418858733    
OW             265
     6.301858265         8.293275609        0.6176304904    
   1.08484713635       2.08360439773       10.0381795964    
  -549.806026129      -2169.88452894       1482.62457057    
HW             266
     6.391312044         8.602970533       -0.3289949932    
  -13.4706278543       2.03759092006       8.59116735557    
   178.279294634      -1069.93465291       36.6833283650    
HW             267
     5.906491923        -8.860326966         1.172397575    
  -5.74404718676      -3.58072547887       12.6847234834    
   557.086709486       370.327846058      -322.806309501    
OW             268
     7.403417287        -1.391846337         5.483089305    
   1.43790198575      -13.8151855873       11.2748227600    
  -702.743529928       315.510584713       2907.04423469    
HW             269
     7.399329801        -1.196197812         6.463761489    
   17.3801166811     -0.898618042543       8.87324503675    
   2902.12073820      -1270.90821944       45.9928748490    
HW             270
     8.084391213       -0.8159958568         5.030669244    
   6.56353152042      -32.2688664357      -4.84494392323    
  -940.193559100      -712.174654313      -765.355336478    
OW             271
    -4.710496586        -3.078226328         6.927935994    
  -2.41898064471       1.66322032412      -2.29408946801    
  -130.998993882       1251.21424435      -1819.32529813    
HW             272
    -5.299780571        -2.334283383         6.612813213    
  -10.8869277265      -6.91889790465      -6.85156733884    
  -853.293166573      -20.2244006423       1765.10527415    
HW             273
    -4.114021706        -2.745117191         7.658185973    
   11.4444062292       19.5097850397      -21.4580398143    
   156.793161517      -856.721046030      -1021.47091182    
OW             274
     4.274744227        -4.597847076        -2.407815437    
  0.475319151731      -2.59315979595     -0.847796491383    
  -2031.89573381       1630.70192184       3097.15080326    
HW             275
     4.079875240        -4.285199404        -1.478146668    
   6.98328753231      -23.9090803233       7.83884490197    
  -673.900187329      -819.542381093      -213.607491755    
HW             276
     3.523770636        -5.173949658        -2.730539796    
   3.98892593578      -5.37414780019      -4.08341133795    
   1058.99512898      -1073.30583321      -401.294083921    
OW             277
     8.147619965         1.798610883        -2.739022386    
 -0.164105802323     -0.909118122665      -10.1458844088    
   3266.47920963       509.194645076      -2883.41565965    
HW             278
    -8.763646644         1.731536465        -2.953582498    
   10.7633625849       2.55752482507       35.7849363753    
  -1422.35977995       252.032002599       2358.04834401    
HW             279
     7.739797253        0.8856102771        -2.749951408    
   8.05902563987      -4.60966971429      -9.73084760852    
  -198.609292469       294.863908241       718.401087386    
OW             280
    0.3811872515        -7.145160536        -2.398146299    
  -12.1932093238      -6.20914274427       1.54002049816    
   1306.77340743      -497.538364868      -3428.01475480    
HW             281
   -0.8700856710E-01    -6.891854866        -3.244687943    
   11.3402689246      -16.3111776947      -14.7706595192    
  -166.764692538      -84.8302259700       1027.25762959    
HW             282
    0.7032948284        -6.319521653        -1.934928249    
  -14.5738418686      -1.30429858440      -5.50409402898    
  -2161.30061814      -287.224144362       1609.22501684    
OW             283
   -0.1511147431         3.192394811        -8.184524899    
   5.47218479692      -2.35642796202       1.70488198074    
   1413.96404309       2329.94986519      -361.327449241    
HW             284
    0.7810218940         3.453920235        -8.434996068    
  -9.93306025851       18.9865254622      -35.4075368365    
  -1234.30836344      -2439.98138855       908.425850801    
HW             285
   -0.7795473530         3.935415431        -8.414748992    
  -25.9751268452      -32.2284513240      -11.0834885464    
   1332.95530095      -1528.01358739       25.5362430800    
OW             286
     1.375691426        -3.167183640         8.071978174    
   1.01483482328     -0.153793731421E-01   1.44932903667    
   2896.21854414      -75.0053028469       684.323111159    
HW             287
     2.298282181        -2.944667094         7.756825303    
   11.9189701287      -25.3043192021       14.7726227434    
  -658.621387478      -734.087873404       13.7983181941    
HW             288
     1.196776558        -4.139392251         7.920952788    
  -17.6623483522       1.44309178404       13.3706826141    
  -1077.57447220       838.355195865      -726.280807250    
OW             289
     7.364889054         3.202634125         8.564991203    
   2.43857393692       2.01458058782       1.41172038908    
  -422.679824112      -2026.54198807      -39.7791700379    
HW             290
     6.929249541         2.314906731         8.713887998    
   7.15832898551      -1.75993096892      -7.10037519066    
   241.534138616      -122.812903618       76.3615551324    
HW             291
     8.358199415         3.100139200         8.618295297    
   3.38594609377       4.73305952598      -10.3304225743    
  -228.855164834       950.648326499       2564.39659028    
OW             292
    -8.896813655        -7.649809408         2.090461517    
 -0.808548622850       3.01658930248      -5.98609910632    
   953.215627419       711.721625180      -923.521720040    
HW             293
    -8.301122471        -8.344069983         1.686526172    
  -8.88035902349      -5.63697870519      -3.10841007601    
  -1082.55578150      -887.361552326       183.144206892    
HW             294
    -8.889127859        -7.741755995         3.086200576    
  -15.2073371692      -4.00555313470      -6.45884815423    
  -784.450220426       368.479127779      -269.579029521    
OW             295
     7.571727509        -2.891080364         2.443027233    
   5.12949928586     -0.863168537320       2.08507118264    
  -963.488238483       2496.62281061      -841.885864020    
HW             296
     7.891609475        -2.224750823         3.116592101    
   8.69767233856       20.3603234485      -20.2482232072    
  -740.069814130      -947.158328256      -104.566450216    
HW             297
     6.683149762        -3.251863206         2.726354558    
   6.44156398555       8.11705272800       17.9287921920    
   1864.69400291      -2877.34397702       904.229495225    
OW             298
    0.8574141117         2.089431733         5.053112145    
   2.29130725410       1.16619372816       6.19395576480    
  -2957.26647617       665.274969236       572.909769119    
HW             299
     1.010455336         1.605629485         4.191415907    
   1.95906974381       19.4394471363      -4.25302053640    
  -379.098083730      -163.572806983       642.959431865    
HW             300
    0.9468274181         1.449026000         5.815930799    
  -6.11977095985      -16.9875815704      -7.86493486430    
   2338.74176376       1334.07855861      -18.3288513619    
OW             301
    -7.211362789        -1.449467479        -1.971763999    
   2.20944069368       4.67876867073       2.04064053418    
   1332.22266635       2350.66964902       3076.82111477    
HW             302
    -7.589711722       -0.9183765618        -2.729920597    
   20.8596264371     -0.310124210549      -10.9396672143    
   431.686719412      -914.300747178      -29.5887356286    
HW             303
    -6.897892656       -0.8287607630        -1.253107949    
   5.52124161888       10.4268213103      -4.33912739789    
   31.1758602435       474.474949892      -179.923864124    
OW             304
     4.478897632        -6.599938884         7.016810862    
   1.24757755149     -0.814116361921       4.47127470749    
   3528.98755665       2646.03306249       4816.40845533    
HW             305
     5.122312390        -5.870089625         6.785839980    
  -1.99415150823       6.22340943624       17.4318650737    
  -273.748373889       101.616128216      -263.141766540    
HW             306
     4.125696202        -6.453505003         7.940832514    
  -14.3944940276      -7.96222167083     -0.288826731561    
   506.740854696       488.495470335       8.64365423696    
OW             307
    -6.033405063        -6.195182593        -2.442564555    
   3.92693424527       2.84588460910       10.2345967982    
  -3177.89087802      -970.301174732       1437.95731711    
HW             308
    -6.531132650        -5.540224986        -1.873965591    
  -2.68503219549       5.32300204330       1.64770468115    
   358.097715041       626.513190654      -427.603646138    
HW             309
    -6.628545284        -6.969067011        -2.659170285    
  -2.75589447075       15.1251377583      -16.3138030849    
   838.604962780       60.1846860321       1119.98470836    
OW             310
     5.518050496        -2.307218326         8.750672843    
  -3.04744257977       3.03819238046       1.45940120820    
   889.994842112      -1013.80399096      -1974.28190450    
HW             311
     5.346716810        -2.344746284         7.766169660    
  -22.9945422468       13.5336609490       4.39956419563    
  -558.432031382      -1064.17929483       543.224570337    
HW             312
     6.375907972        -2.777282376        -8.927325002    
  -4.87788601596      -9.84945382626      -19.4211350529    
  -1155.42132118      -1019.29727980      -132.495577356    
OW             313
    -8.886067153        -2.000632890        -6.766880790    
   2.60639615715      -6.54677010858      -6.85580394833    
  -1014.41426887       1143.17714873      -3672.65983937    
HW             314
     8.855977895        -2.457027344        -5.888761610    
   21.1508474115       31.5268900142       16.6338490757    
   2109.66197742       3175.14527007      -770.236746667    
HW             315
    -7.995224642        -2.263110294        -7.137723472    
  -9.86851322244      -31.1511981438      -20.0393072843    
  -1339.19533877      -1670.71477160       324.556762242    
OW             316
    -8.692298103        -5.086083013         3.390544753    
  -1.20158853195       4.58812730146       4.46972226787    
   113.212421525       2387.39595392       1185.34545339    
HW             317
    -8.084097775        -5.656046823         2.838057480    
  -5.50516761844       1.51086408036       2.89279711470    
  -1481.38381813      -841.976321417      -504.512891294    
HW             318
     8.807817602        -4.359983018         2.821220140    
  -16.8872206650      -7.21427356384     -0.138739118899    
  -469.609935986      -233.516037590       606.789408992    
OW             319
    0.3268694423         5.273081734         6.191258531    
   8.55711102637     -0.836218982483      -3.01851745692    
   2375.71730848      -3228.62352465       71.4099381298    
HW             320
   -0.6528866205         5.472530967         6.208929509    
   13.7525289309       25.3616710453     -0.473416648219    
   802.221516437      -845.647579783       2263.80169226    
HW             321
    0.4783352351         4.381272268         5.764939462    
  -15.3137587276       1.52053447973      -16.8794995518    
  -203.532394849       253.385813175       730.224662193    
OW             322
    -2.496851679         2.286849253         5.131560672    
  -4.06076408446      -5.15582831710       4.11727127941    
   313.771519046       1237.22165483      -371.392568411    
HW             323
    -2.298917224         2.243015961         6.110796905    
   5.31641280157      -31.3912414825       1.24770761931    
   377.646196089      -364.373752262      -899.418818841    
HW             324
    -1.667899426         2.543517829         4.634607539    
  -13.7908121031       28.3282030005       4.56919462485    
  -259.611412192      -1299.69177789       1335.77324599    
OW             325
     3.667402539        -1.631548263        -7.324974632    
  0.299840421770       5.07959400274       5.12246600903    
  -3691.21597723       354.789758688       2723.59946774    
HW             326
     3.654402821        -1.991147645        -6.391951663    
  -26.0141094642      -3.39264789713       1.69833560184    
   1746.77473670      -1113.41389357      -1113.72600441    
HW             327
     4.345401413        -2.129868659        -7.865351143    
   11.9670324933       6.54347881668       18.2673237430    
   109.593605690       2347.81867400      -955.677446102    
OW             328
    -6.479101874        -8.278663968         5.833148305    
  -3.61230378233       5.84098181225       10.1965906362    
   3071.95000153       1743.00780998      -2757.93130407    
HW             329
    -7.387826290        -8.213658962         5.420825672    
   2.03696243259      -7.80417378902      -4.67056589641    
  -513.874153316      -758.022381994       2388.37217006    
HW             330
    -6.236293352        -7.400807816         6.245977661    
  -9.66956705945       19.6455567389      -15.0719118916    
  -990.290550794      -2335.99512535       3338.10142614    
OW             331
     8.577678134        0.7873015852         3.564135529    
 -0.338325077951       10.5688748911      0.352634752425    
  -3382.24079826       2578.35455543      -289.030722627    
HW             332
     8.812321261         1.681839525         3.183667524    
  -12.7177258032       7.37889979625      -15.0454551742    
  -227.802411986      -283.599592912      -24.9312462548    
HW             333
     7.583654542        0.7058269831         3.636871426    
  0.219481073843      -6.61615109064      -9.89605147869    
   196.784985939      -709.052048053      -632.571106380    
OW             334
     3.113104876        -6.947294187        -3.673493812    
   3.24666879366       1.07548483707       2.24175237196    
   3412.01510622      -1917.91213149       587.024196534    
HW             335
     2.907529960        -7.420349748        -2.816775323    
  -35.9730423451       6.21448422372      -3.86407018765    
  -1666.76126134       1031.65352167      -1546.63769294    
HW             336
     3.042891326        -7.591101569        -4.435459246    
   14.7640287518       1.91116479256      0.429377096660    
  -1208.07438311       99.8883125777       183.341197481    
OW             337
    -4.626406205        -2.078787506         1.069337983    
   1.45577180667      -4.12089732529       3.32382354645    
   2279.23186043      -663.664234139      -118.117230855    
HW             338
    -5.022544009        -1.464365991        0.3870114306    
   1.87428419566      -13.5333264877      -5.45531819987    
  -1313.73954288       1098.69710356       2153.98255097    
HW             339
    -4.047124351        -1.554992197         1.693901373    
   15.2033369486       1.87366516901      -14.2412064308    
   228.437264597      -1703.07488133       424.841098121    
OW             340
    -2.557797500        -3.826002240        -4.166191078    
  -14.0004875506       6.61335933576       2.75135237471    
  -638.543675223      -3701.99295187       7220.61374489    
HW             341
    -2.199050121        -4.737877535        -3.966708853    
   6.99733785743       14.0884857349     -0.206695038871    
  -573.032537818      -531.079804863      -2523.95417298    
HW             342
    -2.498690345        -3.651711851        -5.149114593    
  -17.1466834207       11.5179054653       3.42299342670    
   398.007113911       3092.62372094       1088.28909716    
OW             343
     6.781318419         4.544133823        -2.001729157    
 -0.408585531126     -0.750565174844      -8.43590369686    
   743.818686203      -826.125322874      -168.971820742    
HW             344
     6.295681373         4.830834612        -2.827542206    
   4.91069136460      -15.3741932307      -16.7350300578    
   637.177097723       439.194017363       196.491726933    
HW             345
     7.499096514         3.892106390        -2.245988844    
   5.12209581321     -0.570847888117       7.05993542418    
  -1722.56868120      -1675.15415042       260.841203291    
OW             346
     2.750343981         3.948824885        0.4195828372E-02
  0.815125427707      -2.76430792776       8.18812579935    
   1944.55577082      -1446.57349003       1411.88341751    
HW             347
     2.619732048         3.158029912        0.6021855657    
  -23.7242912431      -1.25299961387       5.08363992866    
  -790.088933141      -429.992548376      -1543.30712404    
HW             348
     3.671729450         3.925388050       -0.3837568732    
  -11.9315852055      -50.3094444278      -21.3361702831    
  -3222.46000999       1292.26596398       670.115388525    
OW             349
     5.616746651        -8.618514075        -7.615910535    
   1.10559402169      -9.72922400927       4.45070491791    
   5879.61619357       790.172797224       2072.32292644    
HW             350
     5.646353707        -7.653135864        -7.875096253    
   21.2950818331      -6.89671786755       16.7608215523    
  -1175.97812309      -455.593408544       377.437745633    
HW             351
     5.695815400         8.699040152        -8.435053048    
   13.5279450003     -0.886901079507     -0.561238088299    
  -4871.95865841      -294.640519788       265.390708657    
OW             352
    -3.943408495        -6.934094058        -6.584411554    
   9.10972407349     -0.466784643347      -4.94778234409    
   1882.84795084       406.136682500      -4280.18169447    
HW             353
    -3.735030744        -6.324558855        -7.349298820    
  -26.1664402923      -6.14750404880      -19.5722971284    
  -1900.55808403      -187.094074584       891.786357531    
HW             354
    -4.194422954        -7.836243340        -6.935303978    
  -10.4045149896      -2.22726045736       13.0339478222    
  -443.694461113       327.228290887       1267.74202406    
OW             355
    0.1947213041         7.515857199         1.892160234    
   8.97516241804      -1.05766253420      -5.16476844871    
  -1657.11313584       2458.65557491       5608.91070138    
HW             356
    0.5556388770         7.416232791         2.819428538    
 -0.960551195990       12.5500501733      0.248919968435    
  -500.832565167      -1790.41199059      -68.7393694653    
HW             357
   -0.1204023021E-01     6.612814192         1.515628821    
   28.7588301940      -7.66683642886     -0.480970829604    
   3217.36927220       1027.88565226      -2471.99851673    
OW             358
    0.2741316670        -5.722472617         7.143022095    
   1.12584068986      -6.29938385028       6.18809848532    
   974.390477573       1835.93355212       2698.81249676    
HW             359
   -0.3681959171        -6.122023359         7.797070694    
  -9.58413216320      -20.5801953515      -12.7942915027    
  -256.652172500      -574.733088478      -1534.24704983    
HW             360
   -0.2166270004        -5.106010765         6.527282023    
   8.88476291150      -2.89164967976       3.38332374329    
   264.790059455      -1521.83444998      -1502.76956640    
OW             361
     5.688822216        -4.459219148         3.707146832    
  -4.63127616072       6.12241710109       5.36183905016    
  -2969.88586177      -698.177109030      -869.154116657    
HW             362
     5.611285145        -4.349753996         4.698113597    
  -4.22164739162       26.8128044854       3.21760790294    
   2240.57998497      -937.729338985      -221.070233715    
HW             363
     5.632741109        -5.429838748         3.473133781    
  -17.4182361568       2.10064292936       24.5230399617    
  -881.582936715       729.101899441      -723.337662534    
OW             364
    -4.375813112         1.265837506        -1.909630831    
   2.15505200872      -4.04568945546       1.42044017909    
   679.530686455      -1129.35507990      -3192.89664606    
HW             365
    -4.215482668         1.614481373        -2.833076634    
  -10.7769451531       7.62406366846       3.49763566788    
   517.885668788       1969.52791913       965.625123738    
HW             366
    -3.534776239         1.340761627        -1.373856783    
  0.743756453568       20.1590514617      0.525822506168    
  -1718.94759416       209.929436284       1439.72309756    
OW             367
     7.513269033        -4.242334335        -8.678453748    
  -4.84154305633       2.61679900671      -1.85470713247    
  -694.960044029       56.2947226967       1152.12078015    
HW             368
     8.188745214        -4.047044876        -7.967397530    
   2.62631796392      -11.9075714388      -4.86284968743    
   491.148916791       820.030034698      -1054.87833848    
HW             369
     6.750829254        -4.754460886        -8.282955366    
  -5.72521415898       3.72923736165      -2.11643991178    
   278.515890689       587.379357549       1442.83986550    
OW             370
     6.967324849        -4.214254862        -3.026493238    
  -9.25358271321       2.24518477102      -5.65652496102    
  -3428.97840756      -6227.76160918       5450.33943621    
HW             371
     6.089091084        -3.921604528        -2.648242137    
  -7.52454100042       35.4882837938      -26.3467616765    
   215.302704868      -1067.36508340      -2126.26806315    
HW             372
     7.431522756        -4.809540892        -2.370621906    
  -22.2357264579       29.6919927251       29.2591282400    
  -886.006783737       1353.08428532      -847.084856693    
OW             373
    -5.309347950        -4.654605258        -4.555348478    
  0.790174593543E-01  -3.77109006240     -0.775676082609    
  -1179.11545357       2347.19174085      -1497.79285454    
HW             374
    -4.648758342        -4.132541292        -4.015830560    
   17.8799343253      -20.8225406871      -5.77818503652    
   1521.81077314      -415.267920511      -2585.51147967    
HW             375
    -5.644204003        -5.427416412        -4.016234973    
   1.51765140295      -8.32545028308      -6.38546290408    
   1165.48231880       177.836702558       614.969092031    
OW             376
    -3.643585991       -0.4190822431         7.717376985    
  0.233093378640      -2.50669347610      -2.13228584829    
  -517.935929963      -573.803168749       2007.23919829    
HW             377
    -4.640716608       -0.4943083177         7.708231521    
  -1.39128474386       18.4773615809      -27.8927198676    
   836.522928176       2262.46362455      -1217.81022483    
HW             378
    -3.370440908        0.3232706566         8.329190685    
  0.585866051595      -13.3466388538       10.9815554107    
  -40.2945011455       233.386438737      -693.916277596    
OW             379
     8.833826654        -3.048938285        -4.363928976    
  -4.33183397379       7.53190637244       3.25278630687    
   2999.21531371      -1476.85445211      -4640.08209644    
HW             380
     7.966056299        -3.455831557        -4.078580379    
  -2.20349352999       4.43818074748       5.32976511409    
   1003.12075302       1150.56114669       3912.22770112    
HW             381
    -8.298925962        -3.655882508        -4.109495788    
  -3.50279626199      -2.78024056494      -23.0167883837    
   592.851924146       2200.34011665       652.433642861    
OW             382
    -5.877642948        0.1917701323        0.1530627113    
 -0.829565059510       10.6619670788       3.02753078023    
  -2867.79431696       2140.80982889      -2418.57704603    
HW             383
    -5.952039449        0.7286852729        0.9934183958    
  -15.2709491210       22.7255072367      -5.83001565062    
   1365.03553542      -124.761424586      -392.480855970    
HW             384
    -5.563566424        0.7799881441       -0.5921660879    
  -4.31080991036       3.87695198892      -3.83023468316    
   2636.39573893      -1153.07708547       166.823532655    
OW             385
     6.789181833         5.896255048        -7.031549992    
 -0.426658826965       5.75480358413      -8.46716385333    
   30.7463003537       1096.41585664      -1607.36972038    
HW             386
     7.006345489         4.941103736        -6.830232203    
  -1.75828427251       6.59192682102      -3.01886097644    
  -514.317199650      -45.2589057358      -244.787953897    
HW             387
     6.253725574         5.946291636        -7.874631163    
  -4.45396262962       1.29365998088      -6.18641925672    
  -120.829813699       509.652385589       54.0150803448    
OW             388
     3.458514604         3.393014626         8.866764262    
  -7.31257650085      -2.02825199751      -3.40672564292    
   650.396897925      -78.7903075548      -1490.51365327    
HW             389
     4.403175786         3.197057132        -8.755807654    
  0.759905665694       2.88729962163      -28.0668420586    
  -917.022212995      -171.418200841       481.417008615    
HW             390
     3.057068705         2.584202207         8.437029919    
  -6.92906044211       3.02589914411      -13.3499398853    
  -606.846124184       632.058671026      -411.127075325    
OW             391
    -4.276810197        -6.229047881        0.3977405644    
  -1.82013711598      -4.87642903707      -4.28314953950    
   693.487704893       306.575707100       1187.33802075    
HW             392
    -4.658284459        -6.564359741         1.259162496    
   13.4194304357      -18.9722374317      -2.89563429470    
  -393.690191792       68.5031592573      -612.739973205    
HW             393
    -5.020277936        -6.018121719       -0.2369012472    
  -12.9670226138       1.32534143948       10.6839898550    
   654.437766252      -366.465017774      -140.197279417    
OW             394
    -7.005772039        -3.819054164       -0.5152136499    
   4.03812474295      -5.71547081652      -2.63210954474    
  -926.411642752      -4292.16988172       1657.73318181    
HW             395
    -7.093595419        -2.871256506       -0.8217671997    
  -13.2916771020      -5.53015390546       2.63798284535    
  -375.429025154      -1614.92971059      -2858.94401079    
HW             396
    -7.074239950        -3.855119109        0.4817918312    
  -10.1245260538      -14.0813316330      -3.83912064118    
   376.115533918       2267.05068932      -75.8880270743    
OW             397
    -3.166029484        -6.823457339         5.638617252    
  -4.55811330585      -4.58268501792       1.89908777740    
  -552.778190752       4329.52937626      -4276.70062049    
HW             398
    -3.520183185        -7.587885696         5.099881481    
   5.60918533998      -2.56280110830      -7.74345202135    
   1100.81718115      -406.606118507       311.640186884    
HW             399
    -2.546781331        -6.276586736         5.075167016    
  -25.0376176186       20.7040438308       3.46360276612    
   2380.69517805      -2614.78896794       1687.16039249    
OW             400
    -5.140022474        -4.959417498         4.919714378    
 -0.732824445713      -3.25003305583      -1.68662211772    
   1417.52389356       5406.48051066       2949.84977427    
HW             401
    -4.294444914        -5.452392237         5.124626510    
  -4.91451847253      -2.78367937920       17.1449639686    
  -963.905657034      -846.101247735      -153.512166149    
HW             402
    -5.260254416        -4.215356497         5.576929818    
  -15.1920908043      -2.59398942223      -4.99088682847    
   870.182610172      -188.375401545       568.113008428    
OW             403
    -4.085484834         6.162664100         4.950180671    
  0.392727407508       5.70748935851      -2.51818424221    
  -2082.72154254      -1417.01190557      -2952.93875229    
HW             404
    -3.250547595         5.649224810         5.148351405    
  -15.5765536260      -24.1589264751      -11.0776425859    
  -1561.05806304       100.393691567       237.615988180    
HW             405
    -4.486910663         6.490136382         5.805534897    
   3.50677682290      -7.75865433360       4.16761536839    
  -704.091716984       1659.22970794      -1439.15278892    
OW             406
    -8.927873913         3.710444237         1.912437161    
   2.13882365112      -7.40271550636      -2.73455426410    
   672.965806416      -1117.07799255      -3513.74538887    
HW             407
     8.256633359         4.412979408         1.790712930    
   12.9333716299       4.76694781554       4.66796618638    
  -1270.58318173      -1940.17988123      -500.852769345    
HW             408
    -8.435053625         3.578162110         1.052414007    
  -31.1655071520      -40.0339517635      -17.4950555605    
  -1369.21382938       1698.75786780       1526.41605169    
OW             409
     2.553753406        -8.063521830         6.003139415    
   3.12587243044      -2.85499273981       2.28243624393    
  -4003.34242525      -4945.83782029       5842.97026256    
HW             410
     3.441650039        -7.879980370         6.424997597    
   8.65138566756       2.56917265556      -11.5580984847    
  -658.572936000       5201.41193929      -1648.24361207    
HW             411
     1.848912536        -7.519898286         6.458864056    
   6.99979395226      -6.55310379811       12.7614272176    
  -1113.87859705       1444.53880541      -3481.29614223    
OW             412
     6.211499390        -1.330393587       -0.1611774321    
  -6.77859803801       6.60709650283       2.14194013210    
   1009.72130605      -126.638577910       93.2381940260    
HW             413
     6.619380105       -0.4193818874       -0.2219617479    
   16.3070331146      -4.49428185970      -12.9672452562    
  -731.939737859      -640.781204329      -86.2905961732    
HW             414
     6.410592560        -1.726123309        0.7353512139    
  -2.45756111395       9.73473009860       2.57087143035    
   643.202814350      -409.999943188      -331.277491829    
OW             415
    -6.116924440         2.463604611         2.234159838    
   4.56605321196      -1.42522755914       3.31417539459    
  -142.761883922      -3949.42868007       131.938895635    
HW             416
    -5.990560845         1.854845788         3.017389402    
  -3.22962867045      -17.2122586944      -7.56177243014    
   580.146101008      -596.297746372      -892.019388633    
HW             417
    -7.031394060         2.330470715         1.852028542    
   9.35114102361       4.12147851444      -10.2243069733    
  -775.583354814       1784.25843115       1802.02002473    
OW             418
    -1.755154731        -6.869575134        -4.917808622    
  -3.40634981267     -0.191827943798      -4.67209588218    
   3145.60939221       1840.34395102      -1340.50074865    
HW             419
    -1.061693254        -7.572242100        -5.077134258    
   3.93330629234       8.84138745381      -12.8844304261    
  -866.838211261      -236.858002670      -1907.50319537    
HW             420
    -2.564852089        -7.068417460        -5.469955546    
  -14.9162441434      -21.2013040249       19.2533954166    
  -626.072751784       85.8007382601       3059.08756968    
OW             421
     6.428411374        -4.143341040         6.282009133    
  -2.30487057986       3.92108126659      -1.32121882857    
   1224.08171535       1904.56785151      -464.604251306    
HW             422
     7.269694501        -4.592276282         6.583193738    
   12.5613283030       33.7789496839       2.59495218217    
  -1803.02383313      -330.467207258       673.200229795    
HW             423
     6.652551934        -3.270189183         5.849135692    
  -31.5531263428       13.8058395225       2.91199031758    
   932.631887453      -788.437456021       898.976996046    
