            271
     5.00000000     5.00000000    15.00000000
     2.40424339    -0.11522502    -6.71820770
    -1.75875629     1.62872878    -3.10447796
    -0.69065086    -1.50372648    -0.41093315
     1.39882415    -0.30986638     0.39972577
     2.34394803     0.91280081    -4.75869567
    -0.16728110     1.87569802     1.86411452
     0.04409053    -0.10649935     3.28379936
    -0.90971452     0.55081086     3.27286161
     1.83602485     1.38666113     0.45123149
     0.07295252     0.50945902     5.46356878
    -1.21031052    -1.18460190    -2.97303155
     0.06552337    -1.51244705     1.73560705
     1.13754611     1.90248668     1.38951664
    -1.73251215     2.07278340    -4.70067357
    -1.43668071     1.08551185     6.85746405
     2.20537169     1.74124602    -0.51414243
     1.04176041     1.30781426    -3.80591770
     0.66459932    -0.99184560     1.05778783
    -0.15136882    -1.31153162    -3.56437035
    -0.92786270     1.83549259    -7.38656644
    -1.24511738     0.27388280     6.05478670
    -1.49258347     1.39421561     3.19662843
    -2.00019080     2.09556155    -5.64712399
     0.09355488    -2.18901368     2.49712955
    -1.29564222     1.17337382    -5.12696957
    -2.34206853     2.21505331     3.01443150
    -1.30363529     0.89477340    -2.48922754
     2.47097371    -1.05856395     0.00706576
    -0.52473725    -0.22391019    -3.41214459
    -1.61176329     2.09087597     2.18399307
     1.01668203    -1.26609931     3.15187492
     1.71802655    -0.26998008     2.37972145
    -0.70814248    -2.03441152    -7.37466870
     2.41093600     2.24833396     1.06638856
     2.49815720    -1.61621625     4.60596130
    -0.81507180    -0.12361239    -5.37211586
    -0.01932438     1.49766731     6.80163582
     1.49501514     1.13128205    -1.45158440
    -1.96959169     1.83304480     7.45170413
     0.96323837    -0.14160818    -0.69786063
     0.39167709    -1.65288621    -7.11497368
     1.80834398     1.94872073    -4.97454786
     0.87949117     1.97018634     6.52839754
     1.44028717    -1.33116259    -0.04037021
     0.28424615    -0.19486013    -2.61997340
    -2.35660843    -0.97599766    -2.08389820
     0.98328279    -1.96022952     7.04723216
    -0.23189957    -1.33104580     0.71894152
     2.07592893    -0.49809061    -4.30374392
     0.08387317     1.46352643    -6.08326960
    -0.75334505     0.24560816    -1.69470009
     0.03070809     1.14424047     4.37113641
    -0.37007289     0.13565341     1.42418732
     1.78496931    -0.88116203     4.93765813
     1.82438796     1.60610868    -5.92964981
     0.64390605    -0.02466056     7.30789612
    -2.35178248    -0.62939305    -3.08079319
     0.45466614     0.31930582    -4.85339989
     1.23541382     1.99060649     4.31448100
     2.22774282    -1.84320271    -0.66319025
    -2.02431369     2.29669925    -1.06668887
    -0.05996376    -1.11877106     6.55524080
    -2.12381850     0.35802077     2.30002966
    -0.31799611     0.92822578    -5.12819072
     1.48646420    -1.85496550     5.45898502
    -0.79865303     2.27970501    -5.29401758
    -2.44182149    -1.19870993    -6.34084712
    -2.22038393     2.31197693     0.09691145
    -0.92021660    -0.41300667     3.71272045
    -1.50869230    -0.37374605    -6.97599467
     0.52654276    -2.38274349     0.87988162
     0.73851674    -1.26260917    -6.14920178
     1.35486547    -2.07567016    -3.18596850
     0.86824703     1.92910894    -2.17836065
     0.33796151     0.45446359     2.32277696
    -0.90769998     2.03914715    -2.35200216
     2.05587838    -2.23583996    -4.04038498
     1.12898201    -1.13869761     6.31357940
     0.27480637    -2.00584124    -0.45572373
    -0.89405050     1.85372515     6.46973220
     1.55921453    -0.65547850    -6.12123087
     0.97156176     2.17769837    -7.39395480
    -0.48737053    -1.87783435    -2.42488871
     0.17640722     1.46729491    -1.52187000
     2.40270941     2.30047604    -2.83640636
    -2.09411674    -1.87881607     3.61930765
    -1.93552728    -0.39519018    -4.64750895
    -1.31344273    -0.86729132    -1.51797413
    -0.52408247    -1.68252569     5.32448641
    -0.83677307    -2.46570772    -0.92485461
     0.01578650     2.34500007    -6.80267001
     0.53476633    -0.09292227     6.23936589
    -0.30127089     0.82641456    -2.74327592
     1.72829882     1.38571488    -2.68694227
    -0.28906657     0.19203107    -7.05709318
    -2.22125559     1.01466364     0.10919477
    -1.47407677    -0.76653278    -5.81158977
     2.36578015    -0.02512230     0.34781236
     1.84988196     1.62690649    -7.17966313
     0.30275948    -0.51394811    -5.55311252
     0.46953831     0.09746321     0.62385580
     0.68785952     0.21165603    -1.75930798
    -1.44953204    -1.06739905     0.46326411
     1.74872583     0.48831585     6.64108907
    -2.23916726    -1.50965326    -4.03533070
     0.10450640     1.26743292    -7.18526355
    -2.16427438    -1.60413747    -2.99531361
     1.51323027     0.36551410    -7.00681936
    -0.84306796    -2.42567305     0.31315289
     0.84096085     1.44257122    -5.03638151
    -1.19040162     0.39700295     2.09830732
    -0.65486719    -1.47990748    -6.08838063
     0.55238983    -0.22551902    -6.64622027
    -1.19107725    -2.29890875    -3.21219772
     0.66548221     0.83924657     3.61760727
    -0.88966399     2.27578301     5.34922458
     0.81791946    -1.98949493     3.95335705
    -1.58614718     1.75235911     0.94106195
    -0.20925552    -0.53604189    -4.30553120
     1.82973361     1.64982260     6.80169348
     0.99378814     0.51634187    -5.94816631
    -2.14250491    -1.91070702    -5.11815627
     0.37898977     1.70719629    -3.13852474
    -0.48867754    -0.97438250    -7.12734532
    -1.99653503     2.49499147    -3.76460740
    -2.01620032     0.03781504    -1.07015454
    -2.29353447     0.64875051    -2.64168732
     0.84767172     0.80674218    -0.24668637
    -0.32723650     1.87106280     2.94363727
    -0.54751253    -0.73230821    -2.26614579
     0.37086435     1.97738081     3.76391713
     2.38106521    -0.56075660     6.86127720
    -1.02862706    -2.01008342     6.23466927
     0.09184004    -2.23926699    -5.56762277
    -2.29704701     1.20145679     1.32504132
    -0.13794171     0.34961612    -6.01667976
    -0.99543461    -1.91876101    -4.17525865
    -1.28360726    -1.26259583    -4.91144212
     1.54551494    -1.07986471    -3.27102568
    -1.93037957     2.44944555     4.66060454
     2.35873619    -2.11679999    -1.66761607
     1.36620213    -0.40289582    -5.11132369
    -0.86609806    -0.83056330     1.42704062
     1.59154747    -1.33245199    -4.29516857
     1.13928020    -1.62054256    -1.12766486
    -0.99859401    -0.42998866     6.98229173
     0.00291348     1.95630198    -0.34267610
     1.83380753     0.25899070    -2.24019555
    -0.18482759    -1.33072773     2.85952120
    -2.25950165     1.13146246    -1.11325509
    -2.24014208     1.29531642     6.17905315
     1.32462907    -1.30686176     2.15450517
     0.54641681    -0.65456197     2.29411697
    -0.69462090     1.58728101    -3.56478482
    -0.82456537     1.76280454     4.39028530
     1.88436869    -0.85632298    -0.96897686
    -0.85227520     0.96280207     5.46219007
     0.36775427     1.03657070     1.49152914
     1.63412065    -1.75433456     1.06802528
    -2.14442421     0.95558910    -6.50509822
    -2.47413669     0.08275253    -5.39415697
     0.75989054    -0.68676914    -3.99349240
    -2.07666261    -0.42625103     3.11326000
     1.71474381     2.14980281    -1.49315330
    -0.26349563    -2.04402835     3.68169418
     0.18493176    -2.04461548     6.03702489
     0.39651044     2.49521924    -1.39514338
    -1.52766988    -1.94331254    -5.83503573
    -1.23330040     1.37118111    -1.51974706
     2.28238026    -1.07505304    -5.39680486
     1.90318318     0.58035030    -0.69957995
     0.90937477     2.42337755    -4.22857260
    -1.52014332    -1.70353098     5.33053861
    -1.00976017     2.35731770    -6.40420536
     0.98056257     0.01106647     3.00541983
    -0.04668536     0.57199726    -0.84780584
    -0.03316051     1.64235318     5.44258039
     0.03002600     1.92412714    -4.57841849
    -1.44222316    -0.23311031    -2.27252562
    -1.67783496     1.19616606    -4.00307006
    -1.47619210     1.61535494    -0.41948048
    -1.74814383    -1.04872257     6.10188679
    -1.10124076     0.64014860    -0.65614718
     1.40015649    -2.29946370     3.05227983
     1.35118569    -2.42334064     0.31061264
    -2.35453715    -1.79007915     0.71334168
    -0.96542541    -0.79861742     4.70492813
     1.79900026    -0.68768125     1.39294009
    -1.62292898    -0.03606614    -0.10314247
    -1.42405176    -0.79827991    -3.86107542
     0.99838013    -0.04227940     1.57479112
     1.45216931     0.77875053     2.23600049
     1.03301721     1.11553637     7.11668583
     1.32826380     0.80415051     1.06555761
    -1.28298474     0.59679853    -7.15498503
    -0.21538669    -2.34285653    -3.44760444
    -0.65613495    -0.43874993     2.54992009
     0.01252362    -2.47987399     7.15127668
     1.42312388     1.34958510     3.18439478
    -1.71722541    -2.18150253     7.18073554
     0.92411893    -0.11998975     5.20094130
     0.85853118    -0.49404208     3.92555968
    -2.25063831     0.92603051     5.27984522
    -1.93640194     2.25732888     5.89230124
    -0.80511200    -0.49417467    -0.58215737
    -2.49309286    -1.33849394     5.56163189
     2.00490196    -2.42407951     7.24499453
    -1.87932696    -1.61267092    -0.97313607
    -1.73305518     0.26808759    -3.46428142
     1.59902429    -0.69290914    -7.38592261
    -0.99649224    -1.92780389     4.47033790
     1.85101650     0.21535604     3.61240640
     2.41083150    -1.43918622     7.48440604
     2.13580367     0.25741119     1.45408028
    -1.53785611     0.48327102     1.01998147
    -0.34225932     0.33824133     6.72594901
    -0.45237072     0.43253989     0.34168553
     1.24694547    -2.28706045     1.93369111
    -1.41785435    -2.07836604    -1.96578410
     1.55511764    -1.69970283    -7.02538220
     2.02239702     1.69955189     2.20648624
     0.69734038     1.52626345     0.48200756
     0.00505759    -0.82186849    -1.35899915
     2.01890136    -2.28631196    -6.02498715
     2.19296667     2.15149140     5.22227283
     1.54003644    -0.79017243    -2.15151724
     0.06997561    -1.40397259     4.43997199
     0.29367272    -1.54398528    -4.59736466
    -2.11309533    -2.40967844    -6.82848079
    -1.77685506    -0.90041477     4.04241741
    -1.90931861    -0.48326934     1.94404445
     0.10776676     0.08413145     4.34298330
     1.90434449    -2.14655643     3.97404969
    -1.04838551     1.06072130    -6.17733669
     2.16130740     0.53594351    -3.59809457
     2.17403507    -2.09412722     6.28308384
     1.93229063    -0.97102226     3.82397089
     0.69062846     1.90070767     2.60205288
    -1.07928332     0.33985268     4.46234202
     0.23611786    -0.92629187    -0.21131098
     2.27467597    -1.06818231     2.75186660
     1.11268101     1.91937369    -0.50961908
    -2.03401359     1.69870919    -2.02229011
     0.98629319    -2.36417919    -6.45296851
     2.45985352     0.93600109     7.45739883
     0.88284431     0.80127977     6.13626553
    -1.57204897    -1.46559256    -6.85323273
     0.27948987     0.55125701    -3.53268034
     1.18455564    -2.21635943    -5.21780033
    -0.84047051    -2.21227984     1.35104291
     0.86755979     0.83049008    -2.49008415
     2.16755487     1.76831890    -3.70716952
    -1.04552959    -2.36148472     2.91943698
    -1.44365120    -1.27888086     3.01656926
     1.26419703     0.09012893    -3.13600897
     0.10790232    -2.43835014     4.79441315
    -1.07954626     0.17551844    -4.30861289
    -2.27460660    -0.82045516     1.00570314
     2.46790586    -1.92936283     2.09053141
    -1.32205210    -1.65760585     2.03940835
     0.94247164     1.07516044     4.86684917
    -0.33305365     1.48350851     0.54537842
    -2.27585059     0.26429262     6.14059772
     1.00990965     2.10336771     5.53358667
     0.02365091    -0.61481912     5.36271615
     0.35810584    -1.26990979    -2.42654170
    -0.81158067    -0.60630121     5.94748492
    -2.24869958     0.34804582     4.29185548
     1.92445157     0.45103636     4.94987829
     2.47884078     1.21326066     3.06728893
     1.71166031     1.33358636     5.76869955
