            273
     7.63690038     7.63690038     7.63690038
  -2.9216189750  -0.9748018334   0.5885940576
  -2.1607919993   2.7491585705   0.0793110960
   0.7308865124  -3.3307005271   2.1995374178
   1.7247797906   1.5450024235  -3.0689176440
  -1.7867835095  -3.7471343317  -0.2053916741
   2.4747217904  -3.5568339472  -1.0151449159
   2.9363554165   3.5124156510  -3.4439632207
  -2.7787258396  -3.6695304070  -2.6364421623
   2.3819710876  -0.7637829349   3.3547653794
  -3.1562558032  -0.9063951357  -1.9811337382
  -0.5340138337  -1.2683944044   3.4316168366
   3.5550574165   1.5259028060  -2.2453956537
   2.9040549141   0.5157389303   1.0838214500
   1.1705765227   1.6461333669   1.5774543130
   2.7204756989   0.2712378529   3.2421583194
  -0.7544240922  -2.8597034624   2.9695679713
   3.2024447248  -0.4972174954  -2.5179717216
   1.8855447636  -2.6435155887  -2.0824639812
   1.9086808440   0.5082489834  -3.5598402729
  -2.5287218526  -0.4236604671   2.9873431995
  -0.2488101637   2.0291422964  -2.8028086921
  -0.7218118669   0.7962482055   0.1610229824
   3.3510288123   0.8628815663  -0.0255834363
   1.3711631767   2.8711368099   1.0678282581
   2.6806818705  -0.1601865651  -3.3900257983
   1.3154785866   2.1014440650   0.2956305335
   3.3585699438  -2.6194398575   0.9177141290
   0.5284100214  -0.2363204886   1.7266710027
  -0.5866978240  -3.6724904869   2.3490668111
  -1.9012236655   2.3971995095  -2.2829421825
   3.5416489198   2.9064790662  -0.9214530979
   0.9205848326  -2.1329177085  -1.2746328851
   2.2905696847   2.3692599267  -3.3575894116
  -2.0844536739  -1.7387906026  -3.0812167426
  -2.5606579261   0.0561785128   1.7656367907
  -0.6083112895   0.1896315973   1.5985110943
  -2.4420855736  -2.6237947615   0.5156501360
  -3.1533381997   0.5272306082  -0.1558201146
  -1.8573758501   1.1294710077  -0.5849359991
  -3.6461120412   0.9994225663   1.0443936806
  -2.9168296293  -3.4246524047   2.5432471728
  -3.7627368756  -3.1726426551  -2.9683207144
   2.3670679596  -1.5638186156   0.2672165995
   3.5114449805  -0.4672684384   2.7989460798
  -1.7617002024   0.4962990256   2.3998377663
   2.8269240075   2.6578638971  -1.7239485264
  -1.0268737540  -0.3720360955   0.7411286715
  -1.9837942708  -0.5914422543  -2.0749620964
   2.3682638786   0.0081451237   2.2743787842
   3.7603845443   3.7959280341   2.0247354380
   1.3803944327  -0.7363568345  -3.7756982208
   1.3296584062  -1.4079751319  -0.0863867664
  -1.5690621222   2.8538638331  -1.0753140099
  -1.9073741181   1.3596585920  -1.7601715154
  -0.1593046058   2.5118213595   2.7617113920
  -2.1408364177   1.3968913294   1.7864764518
   3.1890811934   1.6409408445  -0.8441758109
   0.7740133514  -1.3987807698   3.1093476467
  -1.6628010150   3.4416077440  -2.1924762154
  -1.9075494563  -3.0262231785  -2.4049164933
  -0.9804576947  -2.5784674066  -1.3615742420
   0.4817525941  -0.4452540137  -2.2921804352
   0.2166844767   2.6975089589   0.8483297424
   1.5727410110   0.9272294176  -1.3825771316
   3.4653546554  -1.4439407767   1.4019395206
  -3.0748849271  -0.8744088210   2.2350702985
   0.5293250070   3.3419127233   1.7677464694
  -3.4938509966  -3.7995623108  -1.7060058693
  -0.7416543645   2.3983559812   1.3030924320
  -0.5529087920  -3.6631203224   0.8092357278
   3.1491023493  -3.0759646610   3.6648409641
   1.8297328317   2.6992533319   3.1658732975
   3.1450995240  -0.8290060528  -0.3328923404
   2.1602538674  -3.6363850058   0.6302974381
   2.4228343371   3.4073436408   3.3257794363
  -0.9648951856   2.8341996978  -2.9183345831
   1.7359130490  -3.2244244269  -2.8802488051
   0.2900789876   2.9571119544  -2.5598314804
   1.7692162188  -3.3854558262   2.6026687332
   0.3054155842   2.1343021850   1.7169032615
   2.5450464198  -3.0181631198  -0.0398832052
   2.6851602473   0.1630839210  -0.7568913450
  -2.6008531271  -2.7216762745  -3.5630920942
   1.7826764592   2.3202539532  -1.8703333565
   0.5098413048   0.8092174887  -1.2701551268
   2.6947103802   3.2450772034   1.9941390473
   1.0570576726   0.8339410732   0.5095489637
   2.7442701642  -3.1774247271  -2.9077431048
   1.1467494195  -2.3999859503   3.3855081249
   0.6953489826  -3.3325339326  -0.4532435442
   2.1946471152   2.5013601958   0.6148714529
   1.8642370152  -2.2538393623  -0.8082102441
  -0.4050523949  -0.2298573777   3.2678873696
  -0.6773814179   1.8527101404   2.2034521721
   0.0710554576  -1.5460704182  -1.8105360825
  -2.8683454714   1.7757678198  -2.0636216042
   0.3740426207   3.5244246425   2.8817919659
   2.5823835073  -1.5117873162  -1.9228919425
   3.6895403766   1.9597244869  -3.4678192757
   3.7983892425   0.7056848832  -1.0258167383
  -1.2160396812   0.2498428260  -1.2479261713
  -1.3715315502   3.3147091045   1.8963765846
  -1.4889750493  -0.1515829378   3.5809911406
   1.9106317375   3.6655756613  -1.7773638492
  -1.3165137106  -0.4986240882   2.5655321759
  -2.4244741484  -1.7915851925  -0.3857987402
   3.2102931744  -2.2340672274  -3.0455494808
   1.1683791722   1.8678929974  -1.0590499154
  -2.3033405970  -2.7264527656   2.9259873790
  -0.0823183548  -1.2944059915  -2.9849307049
  -3.3264016567  -3.1952363810   0.8900704482
   3.6135903556   3.6827589766   3.0689937345
   3.0450361514  -3.7598565714   1.1071613543
  -3.5663147733   1.8699541041   0.2306718238
   0.3751841207   0.8099237402   1.3397259424
   2.7765913178  -1.3230169127   2.4273445922
   3.0254116677   2.3596098092   2.6272529990
   3.6937918218  -1.6831133706   0.1904582575
  -3.6847139872   0.9251144901  -3.4446121616
  -1.2997677301  -1.8750131388   2.3195018247
  -3.5301265620   0.4478594312   2.7300090245
   0.4463583519   1.0862520504  -3.0416391529
   0.9549827896  -3.5690720331   1.1837030624
   1.8555333308  -0.5046661985  -2.7469770216
   3.0150837004   3.7119279658  -2.1128514732
  -3.7951373863  -1.2219147528   3.7129709014
  -0.7358041144  -2.4246748073   0.2709528540
   1.7752833553  -0.9445078977   2.5215143411
   1.7445424000   0.4593885995   1.6260936352
   1.8590982709   1.3769742618   0.8366574946
  -0.0412264818  -0.1151695178   0.3466475893
  -1.7159688869   2.1548600675   1.3215983552
   3.1873687152   0.6772470369   2.4151576416
   2.8273854073  -3.2428184966   2.6839427837
  -0.8656842569   3.7318692089  -3.4153823695
   2.3062712511   0.4342985226   0.1665017616
  -2.5064280399  -2.8677449903   1.6944812101
   1.7386682807  -2.9795038495   1.6585551077
  -1.8236358382   3.6701777453   2.7727085133
   1.1844580456  -2.3372722011   1.0977839151
  -0.4182363605   3.8045837739  -0.8437743051
  -3.2631521147   2.8018401049  -0.1553735803
  -0.6883101459  -3.0600638895  -2.6857658749
   2.7399173132  -0.4249381526   0.7282244635
  -3.5370116227   2.7825105568   2.5523727196
  -2.2435044312  -2.1641785259  -1.4858086787
   3.5515114239  -3.4442299424  -0.7188472450
  -1.1221846078   1.0737165313  -2.2513323152
  -0.9682553958   3.0062644982   0.4258365418
  -1.8722002846   3.6579082992  -3.1662040236
   3.1010671848  -0.2872064795   1.7063275238
   1.1416674231  -0.0110925727   3.1823296542
  -0.7951690070   2.4148722340   3.6877797026
  -3.2542951070   1.8878233702   3.1510034402
   1.0178510052   2.2611935066   2.5105891266
   2.6386275027  -1.5577788824  -0.9271044053
  -0.1562583353  -3.0277580594   1.6492742079
   3.7905950478  -1.9304652716  -1.8776684762
   3.0978666192  -0.5917786670  -1.3333182697
  -3.0405723376  -2.7316873167  -2.0038648438
   0.1709456008   3.5043089019   0.0391191300
   0.3361550896  -2.8573385576   0.5114983325
   2.1943836807  -0.5562260780  -0.2818070074
  -3.4216831952  -2.0376943029  -2.8003619729
   2.7478727700   3.5264299232  -0.0314149217
  -0.7514679112   3.5157442683   3.2992729251
   1.5575577731   1.2812791421  -0.2463723818
  -2.8719727099   2.3533094269   1.1354792191
   3.3519544646   1.4917883177   3.1652228072
  -2.9635797551   0.3183195978  -2.1522522030
  -2.8719729286   0.1617836530  -3.6348752678
  -3.3929836903  -0.1582054005   1.1727010265
  -3.7876735994   3.3631514766  -2.7002636378
   3.6365688709  -0.1488907135  -3.6209316429
  -2.5033529453  -3.7124971107  -1.3613930599
   1.2863788468  -0.0499345304  -0.1080104032
  -3.7103801251   3.0717133922   1.0511445050
  -2.8208292856   2.6203807951  -2.9213206564
   1.9347528913  -0.2390681267  -1.5880969722
  -1.4261361214  -2.8778748350   2.1646215143
   0.9939873520   1.0823106230   3.5549437971
  -0.7970338485   1.2758888793   1.1959369923
   3.1084783118   2.5319548440   0.0934254931
  -1.3218474001  -0.2774133537  -0.4423471727
  -2.5344030906   3.1642461374  -0.7753349235
   1.3095094118   3.2252748558  -0.0427261607
  -1.0457681215  -2.1524732863  -3.5783790086
  -0.7519666618   3.2093278784  -1.7255585605
   3.1352652481   2.6477739591  -2.7790905534
  -1.3184284482   2.1027350817  -0.1632337238
   0.7434923234  -2.3494402243   2.3023702154
  -2.2599729794  -0.0064249076  -1.0341273594
   3.2439512601  -2.5730348454  -1.0377501060
  -2.3144468208  -1.6369198693   2.0613816393
   2.7782588312  -1.2150451847  -3.3164807408
  -3.1746967590  -1.7530432014   1.3549639078
  -1.8021614532   0.9093516929   3.7035751126
   2.5234207213   1.5527522481  -1.8281920155
   2.8521780398   1.2207520109  -3.4772148664
   0.5526855677   1.1581787196   2.4700550788
   1.2670902654  -3.2062719332  -1.2636168682
   0.5822411127  -3.1112445937  -2.8123496077
  -1.6023128728  -3.3996187733  -1.3434550382
   1.8720124163   2.2832275022   1.8876602285
  -2.2627077993   1.6619955417   0.4638200393
   3.4618864329  -2.6084418660   2.0110883915
   0.1294807422  -2.8086586193  -1.8424503084
   3.1041233050   0.5909002112  -1.7983237039
  -1.6281723433  -3.5410680830   1.1280935480
  -2.7786712841   2.9004058438  -1.8107185409
  -3.3576349664  -0.2075690616  -0.9957300867
   2.3339249716   1.3367227830   2.5752974807
  -2.5454230791   0.7848088360   2.9417359384
  -3.5923176221   2.7794242842   3.7112319864
  -2.4055550826   0.5145737626   0.7494373391
   2.1605983585  -0.9278290962   1.6193252902
  -1.0667597300   2.1201312812  -1.7691686286
   0.6438424771  -0.4881582344  -1.0966033789
  -3.6481287745  -1.2818158254  -1.0730469077
  -3.3420551688   1.8448532312  -0.9636922613
   1.4805694074  -2.8553763858   0.1389279004
   3.1033141242  -2.2800105402   3.0449598710
   2.5015176638   1.6512498189   0.0409464506
  -2.2488261172   2.1180887925  -1.0035949755
   0.3841651548   1.4997871141  -0.5326508893
   2.0140413187   0.6543721222  -2.3396418220
  -1.0316795773  -2.0154380809  -2.2335050030
  -0.1567921507   0.1630897531  -3.4519129999
   0.3000128813   3.5298101122  -3.5393804191
  -2.5112277608   2.4426287937   2.0969977476
  -2.1646966783   1.7528958817   2.8154147668
  -2.5258136752  -0.6778759499  -3.1831875272
   1.1221959749  -1.1284974512   1.5974927212
   2.2537592815  -2.3218296088  -3.5537746883
  -1.4970083049  -3.0944823451   3.5870026791
   0.2728490422   1.6800672184   0.7319761722
   3.2034117449   1.6196028025   0.7676753571
   0.3787112762   2.3775419658   3.7649850477
   1.6577110734   3.1734495712  -3.0563782035
  -1.4798309562  -2.0279616819   1.3129261471
   0.8648203975   0.2418194381  -3.4982785296
  -2.5344680031   3.6262071404   0.7297840657
  -3.7043470152   2.5035044026  -2.1151665647
   1.9167920015  -1.8468247654  -2.6947866474
  -0.7486052391   1.0332997602  -3.3937402789
  -2.3859267633   1.4340945763  -3.1141083747
   1.8602557738  -1.8819089339   2.5105145483
  -1.3879001247   2.5165932908   2.8294150483
  -3.5535164444   1.7383232381   2.0653862536
  -2.4110717471  -0.5217898556  -0.1229429249
  -0.1297327324   0.0934054186  -0.6629171206
  -1.8437175307   0.3928860393  -3.0573832879
   1.5225874290   3.3576168564   2.2639273286
  -1.7004169727  -1.1448975483  -1.2732199068
  -0.2009921682   0.2917074266  -1.8628072369
  -0.6649943928   1.2894752264  -0.9313171284
   2.6210598386   1.3384494820   1.5183104156
  -3.7166294833  -1.6852785329   2.4001684599
  -1.7538549956  -2.0083477117   3.2281894334
  -3.1535309258  -3.0973457736  -0.4534490949
   1.1255769351   3.0053763330  -1.2901242057
   1.6745765021  -0.6357540176   0.7228725041
  -2.4630412090   2.6709010371   3.0749180771
   3.0155691942   2.4745263844   1.3388100812
  -2.7743348248   0.8926874454  -1.1711114602
  -2.0534571113   2.2612087716  -3.6473138116
  -0.5331640999  -0.7097529115  -1.4106389830
   0.0847866615   2.2167799544  -1.1799569589
   0.9041018031   3.7309945398  -2.1000540742
   0.3863447915  -3.1010063640   3.3163279069
   3.0021564784  -2.6711773044  -2.0991338550
  -2.9782822822  -1.9706938799   3.3090763024
  -0.6061706982  -1.2108426784   2.2897368143
